0 0.093142 0.342130 0.082484 0.078704
1 0.260890 0.145833 0.101019 0.095370
2 0.531047 0.182870 0.077850 0.087963
3 0.783133 0.222222 0.083411 0.096296
4 0.846154 0.457870 0.079703 0.082407
5 0.735867 0.662963 0.077850 0.075926
6 0.972660 0.692593 0.054680 0.094444
7 0.481001 0.631944 0.072289 0.080556
8 0.216404 0.597685 0.112141 0.113889
9 0.789620 0.937963 0.068582 0.070370
10 0.544949 0.901389 0.063021 0.063889
11 0.304449 0.875926 0.069509 0.066667
12 0.057461 0.842593 0.070436 0.072222
13 0.067655 0.771296 0.057461 0.057407
14 0.319741 0.802778 0.057461 0.061111
15 0.570436 0.835648 0.073216 0.052778
16 0.812326 0.865278 0.071362 0.058333
