26 0.185294 0.406946 0.066387 0.035619
36 0.285714 0.384239 0.033613 0.022262
13 0.376891 0.345058 0.026050 0.024043
14 0.460924 0.304541 0.022689 0.021371
15 0.544118 0.269813 0.027731 0.023152
16 0.623109 0.233749 0.027731 0.024043
37 0.700420 0.201247 0.024370 0.019590
38 0.778151 0.168299 0.031933 0.021371
39 0.850420 0.138023 0.030252 0.024933
40 0.922269 0.107747 0.027731 0.021371
41 0.987815 0.078807 0.021008 0.029386
25 0.264286 0.483526 0.076471 0.040962
32 0.371849 0.434550 0.049580 0.040962
24 0.323109 0.560107 0.128571 0.062333
23 0.409244 0.637578 0.119328 0.040962
17 0.421849 0.757792 0.094118 0.051647
18 0.528571 0.695013 0.063866 0.038290
19 0.642857 0.635797 0.068908 0.040962
1 0.551681 0.572128 0.049580 0.047195
0 0.453782 0.507569 0.048739 0.042743
8 0.458403 0.390917 0.046218 0.040962
7 0.545798 0.354408 0.042857 0.042743
5 0.627731 0.321015 0.047059 0.029386
6 0.708403 0.279163 0.040336 0.041852
33 0.786134 0.249332 0.047899 0.035619
34 0.860084 0.212378 0.046218 0.029386
35 0.935714 0.185663 0.036134 0.034728
27 0.537395 0.466607 0.056303 0.046305
28 0.622269 0.423419 0.049580 0.041852
4 0.702521 0.383793 0.043697 0.037400
29 0.779832 0.347284 0.038655 0.039181
30 0.855042 0.309884 0.044538 0.046305
31 0.931933 0.278718 0.042017 0.037400
2 0.634874 0.527605 0.059664 0.041852
3 0.720168 0.483972 0.047059 0.038290
20 0.794958 0.442565 0.045378 0.033838
21 0.875630 0.410062 0.035294 0.032947
22 0.953361 0.366874 0.042857 0.037400
