0 0.557671 0.565982 0.069429 0.060606
1 0.451848 0.668622 0.063830 0.078201
2 0.692609 0.679374 0.083987 0.084066
3 0.931691 0.683284 0.082867 0.093842
7 0.749720 0.326979 0.061590 0.059629
28 0.811310 0.489247 0.068309 0.071359
8 0.527996 0.318182 0.083987 0.051808
32 0.321948 0.317693 0.075028 0.064516
36 0.241321 0.178886 0.050392 0.056696
13 0.434490 0.176442 0.040314 0.047898
14 0.633259 0.180352 0.045913 0.045943
15 0.836506 0.178886 0.049272 0.056696
19 0.697648 0.901760 0.087346 0.063539
