26 0.187815 0.392253 0.056303 0.032947
25 0.259664 0.465272 0.072269 0.034728
24 0.327311 0.542297 0.133613 0.055209
23 0.404622 0.620214 0.108403 0.040071
17 0.415966 0.738646 0.087395 0.041852
18 0.530252 0.675423 0.077311 0.043633
19 0.641597 0.621104 0.064706 0.045414
36 0.279832 0.361532 0.031933 0.019590
13 0.375630 0.323241 0.026891 0.019590
14 0.460084 0.287622 0.029412 0.017809
15 0.543277 0.252004 0.027731 0.019590
16 0.623529 0.219501 0.028571 0.022262
37 0.702521 0.184328 0.030252 0.026714
38 0.776891 0.150935 0.029412 0.020481
39 0.852521 0.121995 0.036134 0.023152
40 0.920168 0.088157 0.033613 0.021371
41 0.986134 0.058771 0.024370 0.021371
32 0.374790 0.415850 0.042017 0.028495
8 0.460504 0.373998 0.047059 0.035619
7 0.547479 0.339270 0.034454 0.033838
5 0.631092 0.307213 0.040336 0.039181
6 0.708403 0.261354 0.035294 0.025824
33 0.780252 0.225735 0.031092 0.025824
34 0.859244 0.198130 0.031092 0.031167
35 0.932773 0.165183 0.025210 0.029386
0 0.450420 0.484862 0.036975 0.029386
27 0.538655 0.441674 0.028571 0.026714
28 0.619748 0.405165 0.039496 0.024933
4 0.705462 0.368655 0.036134 0.033838
29 0.784454 0.329029 0.041176 0.036509
30 0.858824 0.295637 0.042017 0.044524
31 0.933613 0.261354 0.033613 0.034728
1 0.548319 0.552093 0.037815 0.028495
2 0.635294 0.507124 0.038655 0.034728
3 0.721008 0.467053 0.047059 0.034728
20 0.797059 0.426536 0.039496 0.030276
21 0.874370 0.388246 0.037815 0.030276
22 0.953361 0.351291 0.039496 0.045414
