23 0.532792 0.602614 0.045977 0.068732
17 0.498648 0.759439 0.046653 0.066796
42 0.345504 0.532430 0.045977 0.060019
19 0.272481 0.428364 0.044625 0.051307
69 0.795132 0.386738 0.071670 0.099710
60 0.525693 0.222168 0.046653 0.041626
59 0.461799 0.149080 0.039216 0.044530
35 0.403313 0.069216 0.034483 0.031946
72 0.396214 0.237173 0.035159 0.054211
22 0.175794 0.117619 0.045977 0.047435
21 0.120014 0.044046 0.041244 0.041626
31 0.338742 0.162633 0.043272 0.044530
73 0.281947 0.088093 0.045977 0.034850
74 0.234956 0.194579 0.037187 0.052275
59 0.557809 0.116651 0.029750 0.031946
40 0.491210 0.042594 0.025017 0.034850
