26 0.188235 0.391362 0.068908 0.038290
25 0.261345 0.464381 0.073950 0.032947
24 0.327311 0.546750 0.136975 0.046305
23 0.396639 0.620659 0.090756 0.044524
17 0.413025 0.738201 0.074790 0.042743
18 0.525210 0.679430 0.058824 0.046305
19 0.641597 0.620214 0.057983 0.045414
36 0.282773 0.364203 0.029412 0.024933
13 0.375630 0.325022 0.028571 0.023152
14 0.461765 0.288958 0.024370 0.024043
15 0.544118 0.253785 0.022689 0.023152
16 0.622269 0.217275 0.029412 0.019590
37 0.700840 0.184773 0.028571 0.018700
38 0.773950 0.149154 0.031933 0.024043
39 0.851681 0.120214 0.027731 0.030276
40 0.921429 0.089938 0.027731 0.023152
41 0.986975 0.060997 0.024370 0.031167
32 0.374370 0.416296 0.049580 0.036509
8 0.459244 0.374889 0.051261 0.040962
0 0.452521 0.487088 0.049580 0.033838
1 0.546218 0.551647 0.053782 0.038290
2 0.637395 0.509795 0.047899 0.038290
27 0.537815 0.443900 0.036975 0.034728
28 0.623109 0.406946 0.037815 0.032057
3 0.718487 0.463491 0.036975 0.034728
20 0.795798 0.424755 0.045378 0.040962
21 0.875630 0.386910 0.036975 0.040071
22 0.953361 0.351736 0.042857 0.046305
7 0.549160 0.337934 0.041176 0.034728
5 0.630672 0.303206 0.046218 0.034728
6 0.702941 0.264025 0.041176 0.031167
4 0.707143 0.367320 0.042857 0.031167
29 0.781513 0.326803 0.047059 0.030276
30 0.858403 0.291630 0.041176 0.036509
31 0.933193 0.257792 0.034454 0.027605
33 0.784454 0.227516 0.041176 0.029386
34 0.861345 0.199020 0.042017 0.031167
35 0.931933 0.166073 0.028571 0.031167
