19 0.525046 0.842627 0.038961 0.061958
22 0.381725 0.793061 0.030612 0.034696
2 0.469852 0.659232 0.038033 0.042131
3 0.543135 0.539033 0.034323 0.049566
20 0.608998 0.431227 0.028757 0.037175
21 0.671150 0.339529 0.030612 0.042131
22 0.726345 0.254647 0.037106 0.040892
74 0.772727 0.178439 0.025974 0.034696
27 0.330705 0.640025 0.036178 0.040892
0 0.242579 0.775093 0.036178 0.038414
28 0.410946 0.529740 0.035250 0.048327
7 0.309369 0.489467 0.041744 0.044610
8 0.218924 0.591698 0.048237 0.048327
32 0.122449 0.717472 0.051948 0.042131
5 0.383581 0.391574 0.039889 0.032218
4 0.480983 0.428129 0.030612 0.043371
6 0.448980 0.306072 0.027829 0.034696
33 0.510204 0.228005 0.024119 0.024783
34 0.567718 0.160471 0.031540 0.028501
73 0.664193 0.180297 0.022263 0.023544
30 0.608534 0.254647 0.033395 0.033457
29 0.549165 0.335812 0.040816 0.037175
31 0.708256 0.115861 0.026902 0.028501
35 0.616419 0.097893 0.023191 0.024783
13 0.086271 0.582404 0.031540 0.032218
14 0.177644 0.476456 0.026902 0.033457
15 0.262523 0.379802 0.024119 0.026022
16 0.333024 0.298017 0.022263 0.026022
