27 0.303340 0.535316 0.044527 0.044610
28 0.412801 0.486369 0.040816 0.035936
4 0.511596 0.447336 0.032468 0.032218
0 0.174861 0.586121 0.043599 0.042131
1 0.286642 0.699504 0.040816 0.030979
2 0.414657 0.638166 0.042672 0.042131
3 0.522263 0.589219 0.038961 0.038414
20 0.622913 0.540273 0.039889 0.034696
19 0.396568 0.833953 0.060297 0.057001
21 0.708720 0.500620 0.033395 0.044610
7 0.337199 0.385998 0.032468 0.038414
8 0.222171 0.418835 0.049165 0.032218
32 0.097403 0.461586 0.059369 0.043371
