26 0.187815 0.390917 0.057983 0.026714
25 0.265126 0.466607 0.066387 0.028495
24 0.323109 0.544524 0.123529 0.048976
23 0.401261 0.621549 0.083193 0.053428
17 0.412185 0.733749 0.076471 0.035619
18 0.526891 0.674533 0.057143 0.043633
19 0.642437 0.623330 0.057983 0.049866
32 0.375210 0.416741 0.047899 0.032057
8 0.458824 0.373108 0.058824 0.044524
7 0.552101 0.338825 0.036975 0.034728
5 0.630252 0.303206 0.042017 0.036509
6 0.708403 0.263134 0.031933 0.029386
33 0.782773 0.229297 0.029412 0.031167
34 0.860084 0.195459 0.032773 0.034728
35 0.932353 0.164737 0.021008 0.026714
0 0.451681 0.488869 0.036134 0.037400
27 0.536134 0.445236 0.038655 0.035619
28 0.620588 0.407391 0.037815 0.034728
4 0.701681 0.366874 0.031933 0.037400
29 0.780252 0.329029 0.034454 0.029386
30 0.860084 0.294746 0.037815 0.033838
31 0.931933 0.260018 0.036975 0.032057
1 0.548319 0.548531 0.041176 0.033838
2 0.634874 0.506233 0.034454 0.029386
3 0.718067 0.467053 0.032773 0.029386
20 0.794538 0.426091 0.032773 0.027605
21 0.873529 0.387355 0.034454 0.033838
22 0.955882 0.350846 0.039496 0.037400
36 0.281933 0.364648 0.027731 0.025824
13 0.373950 0.325913 0.023529 0.021371
14 0.461765 0.289403 0.026050 0.024933
15 0.542437 0.253785 0.024370 0.024933
16 0.622689 0.219501 0.026891 0.025824
37 0.701681 0.186554 0.033613 0.027605
38 0.775210 0.149154 0.027731 0.022262
39 0.849160 0.118878 0.022689 0.020481
40 0.918908 0.088157 0.024370 0.024933
41 0.987815 0.059216 0.021008 0.022262
