23 0.328352 0.626706 0.087959 0.042885
19 0.599061 0.679337 0.064048 0.037037
18 0.441503 0.720273 0.087105 0.042885
17 0.292912 0.767057 0.076857 0.040936
24 0.267293 0.509747 0.138343 0.056530
25 0.239112 0.400585 0.071734 0.038986
26 0.183604 0.294834 0.058070 0.030214
0 0.437233 0.465887 0.039283 0.054581
27 0.554227 0.428850 0.040991 0.060429
1 0.522630 0.566764 0.058070 0.061404
2 0.641759 0.534113 0.045260 0.054581
3 0.766439 0.496101 0.043553 0.058480
20 0.890692 0.463450 0.051238 0.061404
29 0.915884 0.327973 0.050384 0.059454
4 0.795901 0.365010 0.046114 0.053606
28 0.674210 0.397173 0.045260 0.051657
32 0.378309 0.361598 0.058070 0.056530
8 0.495730 0.324074 0.058924 0.047758
7 0.616140 0.288499 0.035013 0.062378
5 0.734842 0.255848 0.045260 0.049708
6 0.852263 0.224659 0.046114 0.055556
