0 0.458582 0.455653 0.044406 0.047758
27 0.576003 0.491715 0.045260 0.063353
28 0.694278 0.527290 0.039283 0.056530
4 0.814261 0.568713 0.031597 0.063353
29 0.933390 0.605750 0.049530 0.061404
1 0.490606 0.590156 0.043553 0.061404
2 0.607600 0.630604 0.046968 0.060429
3 0.730145 0.669591 0.039283 0.052632
20 0.856106 0.707602 0.043553 0.060429
21 0.974381 0.751462 0.042699 0.066277
19 0.508540 0.730507 0.058924 0.045809
18 0.353117 0.678363 0.070880 0.052632
17 0.202391 0.633041 0.070026 0.043860
23 0.297182 0.527290 0.085397 0.050682
24 0.296328 0.393275 0.141759 0.071150
25 0.315115 0.282651 0.059778 0.050682
26 0.312980 0.158869 0.053800 0.038986
32 0.458582 0.331871 0.049530 0.067251
8 0.575576 0.360624 0.054654 0.060429
7 0.691289 0.402047 0.038429 0.051657
5 0.809137 0.440546 0.040137 0.050682
6 0.929974 0.476121 0.037575 0.053606
