26 0.186555 0.391808 0.053782 0.032057
25 0.263025 0.467053 0.063866 0.036509
24 0.328571 0.547195 0.117647 0.059662
23 0.400840 0.620214 0.078992 0.043633
17 0.410924 0.735975 0.073950 0.041852
18 0.532773 0.681211 0.067227 0.048085
19 0.636555 0.616207 0.046218 0.033838
1 0.546639 0.548531 0.047899 0.030276
0 0.450840 0.487533 0.036134 0.034728
32 0.375210 0.415405 0.041176 0.032947
36 0.280252 0.363313 0.022689 0.024933
8 0.460084 0.371772 0.042857 0.040071
27 0.538235 0.443010 0.039496 0.029386
2 0.635294 0.505343 0.042017 0.031167
3 0.718487 0.462155 0.033613 0.035619
20 0.795798 0.424755 0.040336 0.026714
21 0.875210 0.386465 0.027731 0.028495
22 0.955462 0.349510 0.033613 0.032947
28 0.621849 0.404720 0.038655 0.027605
4 0.699580 0.363313 0.027731 0.030276
29 0.780672 0.327248 0.035294 0.031167
30 0.857563 0.292075 0.034454 0.030276
31 0.934034 0.260018 0.034454 0.033838
7 0.549580 0.341496 0.040336 0.034728
5 0.628571 0.300089 0.035294 0.032057
6 0.707143 0.263134 0.031092 0.020481
33 0.779832 0.230632 0.035294 0.030276
34 0.860084 0.195904 0.036134 0.030276
35 0.931933 0.162066 0.025210 0.030276
13 0.378151 0.326803 0.023529 0.019590
14 0.461765 0.288068 0.027731 0.022262
15 0.543277 0.249777 0.022689 0.015138
16 0.625630 0.219056 0.027731 0.026714
37 0.699580 0.185218 0.022689 0.030276
38 0.775210 0.150490 0.024370 0.026714
39 0.849160 0.121104 0.026050 0.023152
40 0.918487 0.088602 0.026891 0.018700
41 0.986134 0.058771 0.026050 0.017809
