32 0.315000 0.753416 0.070000 0.063354
8 0.478125 0.663975 0.081250 0.063354
7 0.650000 0.594410 0.067500 0.053416
5 0.815625 0.518634 0.063750 0.055901
28 0.783125 0.716149 0.066250 0.055901
27 0.617500 0.792547 0.067500 0.057143
0 0.451250 0.877640 0.065000 0.048447
1 0.621875 0.968944 0.071250 0.059627
2 0.792500 0.891925 0.075000 0.062112
3 0.963125 0.804969 0.063750 0.059627
4 0.938750 0.635404 0.067500 0.058385
6 0.965625 0.440994 0.061250 0.064596
25 0.089375 0.855280 0.113750 0.043478
24 0.218750 0.961491 0.200000 0.077019
36 0.146250 0.655280 0.035000 0.040994
13 0.320000 0.581366 0.045000 0.039752
14 0.483125 0.504348 0.043750 0.037267
15 0.648750 0.429814 0.042500 0.029814
16 0.811875 0.359627 0.051250 0.036025
37 0.963125 0.283230 0.036250 0.032298
