17 0.425615 0.266533 0.077181 0.042084
23 0.425056 0.386774 0.064877 0.044088
42 0.579978 0.323146 0.068233 0.051102
19 0.723714 0.378758 0.051454 0.042084
24 0.332774 0.461423 0.133110 0.063126
1 0.611857 0.453407 0.051454 0.049098
2 0.724832 0.493988 0.042506 0.040080
3 0.829978 0.532064 0.040268 0.036072
20 0.932886 0.569639 0.040268 0.039078
0 0.494407 0.512525 0.042506 0.035070
27 0.600671 0.550601 0.042506 0.043086
28 0.705257 0.587675 0.041387 0.043086
4 0.805369 0.627756 0.040268 0.039078
29 0.911633 0.654810 0.040268 0.039078
32 0.403244 0.591182 0.048098 0.040080
8 0.510626 0.626754 0.052573 0.047094
7 0.619128 0.659820 0.043624 0.043086
5 0.719799 0.694389 0.050336 0.040080
6 0.817114 0.722946 0.041387 0.037074
33 0.911074 0.752505 0.039150 0.040080
36 0.297539 0.645291 0.024609 0.024048
13 0.407718 0.677355 0.025727 0.030060
14 0.513982 0.710421 0.032438 0.030060
15 0.617450 0.740982 0.026846 0.023046
16 0.715884 0.769038 0.026846 0.031062
37 0.814318 0.802104 0.026846 0.025050
38 0.903803 0.831162 0.029083 0.023046
39 0.991611 0.857214 0.016779 0.029058
