36 0.241611 0.465932 0.040268 0.022044
13 0.322148 0.388277 0.031320 0.025050
14 0.396532 0.309118 0.034676 0.019038
15 0.468121 0.239980 0.025727 0.027054
16 0.535235 0.165832 0.027964 0.021042
37 0.602349 0.099699 0.032438 0.023046
38 0.663870 0.029559 0.021253 0.019038
32 0.362975 0.465932 0.054810 0.036072
8 0.435123 0.384770 0.055928 0.040080
7 0.513423 0.311623 0.051454 0.034068
5 0.582215 0.234970 0.050336 0.033066
6 0.648210 0.161824 0.048098 0.031062
33 0.713087 0.093186 0.050336 0.028056
0 0.486577 0.493487 0.051454 0.029058
27 0.558166 0.407816 0.046980 0.034068
28 0.629754 0.332665 0.055928 0.034068
4 0.692953 0.253507 0.045861 0.032064
29 0.768456 0.180361 0.049217 0.030060
20 0.833893 0.245491 0.048098 0.030060
3 0.767897 0.322645 0.050336 0.030060
2 0.695190 0.403808 0.052573 0.032064
1 0.622483 0.488477 0.059284 0.035070
19 0.760067 0.503006 0.052573 0.040080
42 0.666667 0.614228 0.069351 0.052104
17 0.565436 0.736473 0.081655 0.054108
23 0.496085 0.630762 0.061521 0.057114
24 0.375280 0.607214 0.097315 0.096192
12 0.294183 0.368236 0.022371 0.019038
43 0.211409 0.446894 0.022371 0.018036
11 0.369128 0.294088 0.029083 0.025050
10 0.436242 0.220942 0.022371 0.021042
9 0.508389 0.151303 0.036913 0.030060
44 0.645414 0.019038 0.031320 0.024048
