46 0.136067 0.195103 0.020202 0.058452
47 0.175579 0.192733 0.021985 0.056872
48 0.212418 0.187204 0.017231 0.042654
49 0.250743 0.188784 0.020202 0.048973
50 0.320856 0.187994 0.017825 0.053712
51 0.359477 0.190363 0.020202 0.058452
52 0.395722 0.188784 0.021390 0.052133
53 0.433452 0.187204 0.020796 0.055292
54 0.500297 0.190363 0.020202 0.058452
55 0.538027 0.186414 0.020796 0.047393
56 0.574569 0.188784 0.022579 0.048973
57 0.612597 0.187994 0.023767 0.050553
58 0.058824 0.338073 0.017825 0.022117
36 0.096257 0.376777 0.014260 0.042654
25 0.071895 0.460506 0.043969 0.052133
34 0.355318 0.455766 0.017825 0.052133
35 0.393642 0.460506 0.017231 0.064771
59 0.433749 0.453397 0.021390 0.053712
60 0.472074 0.450237 0.018419 0.041074
61 0.508318 0.445498 0.013666 0.044234
62 0.546940 0.445498 0.012478 0.044234
63 0.508318 0.486572 0.013666 0.034755
64 0.548128 0.486572 0.019608 0.037915
65 0.409388 0.335703 0.009507 0.036335
66 0.448307 0.337283 0.013666 0.036335
67 0.491979 0.349131 0.019014 0.028436
68 0.530600 0.338073 0.016637 0.037915
69 0.604872 0.361769 0.030897 0.066351
70 0.602198 0.577409 0.030303 0.052133
23 0.575163 0.684044 0.041592 0.066351
71 0.478610 0.550553 0.012478 0.036335
72 0.442068 0.562401 0.017825 0.047393
31 0.402258 0.555292 0.019014 0.052133
73 0.363339 0.559242 0.016043 0.044234
74 0.384730 0.668246 0.026738 0.047393
22 0.345514 0.670616 0.021985 0.052133
21 0.303624 0.669036 0.016637 0.045814
75 0.497920 0.656398 0.013072 0.039494
76 0.461676 0.657978 0.016637 0.036335
77 0.421866 0.656398 0.016637 0.033175
78 0.748366 0.468404 0.025550 0.048973
79 0.745692 0.360979 0.027332 0.058452
80 0.705882 0.469984 0.026144 0.042654
81 0.708853 0.358610 0.027332 0.041074
82 0.670529 0.364929 0.026738 0.034755
83 0.669935 0.472354 0.029115 0.041074
84 0.805110 0.364929 0.024955 0.047393
39 0.370766 0.376777 0.015449 0.039494
24 0.070707 0.571090 0.051099 0.055292
23 0.091503 0.684044 0.034462 0.044234
17 0.065062 0.794629 0.025550 0.041074
19 0.164884 0.793049 0.021985 0.041074
