17 0.065359 0.765403 0.022579 0.033175
19 0.162210 0.764613 0.019014 0.025276
23 0.093286 0.652449 0.035651 0.037915
24 0.070707 0.543444 0.047534 0.034755
25 0.082294 0.427330 0.021985 0.033175
19 0.461081 0.762243 0.022579 0.039494
17 0.603090 0.762243 0.024955 0.033175
23 0.572787 0.646130 0.032086 0.034755
70 0.603090 0.544234 0.030897 0.039494
69 0.604872 0.328594 0.030897 0.066351
83 0.670529 0.435229 0.027926 0.036335
80 0.709447 0.435229 0.017825 0.030016
0 0.128045 0.534755 0.013666 0.042654
27 0.169340 0.528436 0.015449 0.042654
28 0.208556 0.530806 0.022579 0.044234
1 0.147950 0.639021 0.019014 0.042654
2 0.187760 0.639810 0.013072 0.037915
3 0.225787 0.637441 0.016637 0.042654
20 0.266488 0.637441 0.021985 0.058452
21 0.303030 0.642180 0.020202 0.058452
22 0.343137 0.639810 0.018419 0.050553
74 0.385027 0.640600 0.020202 0.048973
73 0.365122 0.533965 0.016043 0.047393
30 0.326203 0.530016 0.021390 0.048973
29 0.286988 0.529226 0.017825 0.041074
4 0.247178 0.528436 0.019014 0.039494
31 0.404337 0.530806 0.018419 0.037915
72 0.442959 0.530016 0.016043 0.045814
8 0.160131 0.417852 0.023173 0.042654
7 0.194593 0.421801 0.017231 0.044234
5 0.235888 0.419431 0.021390 0.048973
6 0.275698 0.418641 0.017825 0.047393
33 0.315805 0.420221 0.021985 0.047393
34 0.356209 0.425750 0.018419 0.048973
35 0.392454 0.421011 0.010101 0.036335
59 0.433452 0.421011 0.018419 0.045814
60 0.473559 0.417062 0.014260 0.044234
