36 0.295861 0.375251 0.034676 0.027054
13 0.409955 0.345190 0.036913 0.033066
14 0.520694 0.312625 0.043624 0.032064
15 0.618009 0.277054 0.030201 0.021042
16 0.717002 0.247495 0.026846 0.024048
37 0.812081 0.217936 0.031320 0.027054
38 0.904922 0.188377 0.031320 0.020040
32 0.402125 0.431864 0.057047 0.034068
8 0.507271 0.395291 0.052573 0.037074
7 0.619687 0.362725 0.042506 0.040080
5 0.720917 0.328156 0.050336 0.035070
6 0.817114 0.296593 0.045861 0.040080
33 0.914430 0.266032 0.045861 0.033066
0 0.493289 0.506513 0.044743 0.033066
27 0.601230 0.467435 0.050336 0.037074
28 0.704698 0.432365 0.046980 0.035070
4 0.805369 0.396293 0.033557 0.035070
29 0.911074 0.363226 0.048098 0.033066
1 0.610738 0.562625 0.046980 0.031062
2 0.721477 0.524549 0.049217 0.033066
3 0.828859 0.487475 0.051454 0.035070
20 0.923378 0.449900 0.045861 0.032064
24 0.334452 0.558116 0.140940 0.050100
23 0.420022 0.632766 0.088367 0.043086
17 0.429530 0.748998 0.080537 0.033066
42 0.577740 0.695391 0.077181 0.038076
19 0.721477 0.640281 0.055928 0.040080
