32 0.403244 0.411824 0.054810 0.046092
8 0.510067 0.375251 0.058166 0.035070
7 0.618009 0.342184 0.043624 0.039078
5 0.720358 0.308116 0.049217 0.033066
6 0.815436 0.275050 0.044743 0.033066
33 0.910515 0.242986 0.038031 0.035070
0 0.492170 0.484469 0.046980 0.033066
27 0.600671 0.447395 0.046980 0.037074
28 0.704698 0.411824 0.042506 0.032064
4 0.804251 0.375251 0.035794 0.033066
29 0.909396 0.343186 0.042506 0.031062
1 0.612416 0.544088 0.052573 0.030060
2 0.721477 0.504509 0.046980 0.031062
3 0.829418 0.468437 0.050336 0.035070
20 0.927293 0.429359 0.038031 0.033066
19 0.720917 0.619739 0.065996 0.033066
42 0.577181 0.670842 0.071588 0.033066
17 0.427293 0.729459 0.071588 0.034068
23 0.420582 0.615731 0.080537 0.037074
24 0.332774 0.536072 0.121924 0.044088
36 0.293624 0.354208 0.032438 0.023046
13 0.410515 0.321142 0.031320 0.027054
14 0.516779 0.289078 0.029083 0.023046
15 0.616331 0.257515 0.022371 0.022044
16 0.716443 0.226453 0.036913 0.024048
37 0.812081 0.196894 0.026846 0.027054
38 0.903244 0.167836 0.027964 0.019038
39 0.990492 0.143788 0.019016 0.023046
12 0.393736 0.294088 0.031320 0.021042
11 0.501119 0.263527 0.029083 0.022044
10 0.600671 0.231463 0.026846 0.028056
9 0.700224 0.201403 0.038031 0.030060
44 0.892617 0.148798 0.040268 0.025050
45 0.977069 0.120741 0.027964 0.027054
