36 0.293624 0.354709 0.030201 0.026052
13 0.407159 0.321142 0.033557 0.029058
14 0.515101 0.289078 0.030201 0.025050
15 0.618009 0.257515 0.032438 0.028056
16 0.717562 0.229459 0.027964 0.032064
37 0.814318 0.196894 0.026846 0.023046
38 0.903803 0.167335 0.029083 0.020040
39 0.992729 0.139780 0.014541 0.023046
45 0.979306 0.119238 0.025727 0.024048
44 0.891499 0.146293 0.033557 0.024048
9 0.705257 0.202405 0.039150 0.022044
10 0.599553 0.231964 0.026846 0.025050
11 0.500000 0.263026 0.035794 0.027054
12 0.392058 0.294589 0.032438 0.026052
43 0.281320 0.328156 0.027964 0.029058
32 0.404362 0.410321 0.054810 0.043086
8 0.507830 0.374248 0.055928 0.043086
7 0.620246 0.343687 0.048098 0.044088
5 0.719799 0.305611 0.041387 0.034068
6 0.818233 0.275551 0.043624 0.032064
33 0.911074 0.242986 0.039150 0.035070
0 0.494407 0.484469 0.046980 0.037074
27 0.601790 0.445892 0.051454 0.038076
28 0.706935 0.416834 0.051454 0.046092
4 0.803132 0.373747 0.033557 0.044088
29 0.909396 0.342184 0.049217 0.033066
1 0.614653 0.542585 0.059284 0.047094
23 0.425615 0.611222 0.104027 0.032064
24 0.329418 0.538076 0.157718 0.046092
17 0.432886 0.730962 0.096197 0.033066
42 0.585011 0.674850 0.096197 0.043086
19 0.719799 0.622745 0.074944 0.055110
2 0.727069 0.506012 0.055928 0.036072
3 0.836689 0.466433 0.073826 0.033066
20 0.927852 0.427856 0.045861 0.036072
