11 0.138554 0.275926 0.060241 0.061111
10 0.339203 0.130556 0.053753 0.059259
8 0.206209 0.547685 0.117702 0.113889
7 0.421223 0.394907 0.113994 0.095370
5 0.622335 0.249074 0.113994 0.092593
6 0.806302 0.082870 0.085264 0.086111
4 0.810009 0.363889 0.083411 0.092593
3 0.884615 0.597685 0.093605 0.078704
2 0.677943 0.760185 0.126969 0.083333
1 0.474050 0.928704 0.123262 0.100000
0 0.227989 0.837037 0.098239 0.094444
14 0.184893 0.330556 0.065802 0.042593
15 0.392493 0.175000 0.047266 0.059259
16 0.581094 0.029630 0.070436 0.057407
