23 0.420022 0.608216 0.128635 0.032064
27 0.604027 0.448898 0.060403 0.046092
36 0.294183 0.351703 0.035794 0.020040
13 0.412192 0.320641 0.034676 0.022044
14 0.513982 0.287575 0.030201 0.024048
15 0.616890 0.254008 0.025727 0.023046
16 0.716443 0.227455 0.025727 0.028056
37 0.812640 0.195892 0.030201 0.025050
38 0.904922 0.168337 0.026846 0.022044
39 0.991051 0.143788 0.017897 0.023046
11 0.500559 0.262024 0.032438 0.019038
12 0.395973 0.295090 0.029083 0.025050
43 0.280761 0.325651 0.024609 0.026052
10 0.599553 0.232966 0.024609 0.027054
9 0.703579 0.201904 0.031320 0.027054
44 0.893177 0.145792 0.025727 0.023046
45 0.980984 0.117735 0.024609 0.023046
32 0.402685 0.406814 0.055928 0.038076
8 0.506711 0.371242 0.051454 0.043086
7 0.614653 0.338677 0.045861 0.046092
5 0.719239 0.305110 0.046980 0.041082
6 0.819351 0.277054 0.052573 0.037074
33 0.909955 0.242485 0.050336 0.036072
29 0.911633 0.339679 0.044743 0.034068
4 0.805369 0.374749 0.044743 0.034068
28 0.705257 0.411824 0.054810 0.040080
0 0.494407 0.486974 0.051454 0.034068
24 0.332215 0.538577 0.129754 0.053106
1 0.609620 0.544088 0.051454 0.036072
2 0.722036 0.504008 0.054810 0.038076
3 0.833893 0.468437 0.054810 0.041082
20 0.931208 0.428357 0.048098 0.031062
17 0.425615 0.728958 0.077181 0.029058
42 0.574944 0.672846 0.078300 0.039078
19 0.723154 0.618236 0.052573 0.034068
