26 0.235660 0.245122 0.042847 0.034146
46 0.359710 0.158537 0.024188 0.029268
47 0.417761 0.115854 0.036628 0.034146
48 0.473739 0.078659 0.032481 0.025610
49 0.529026 0.042073 0.031099 0.025610
25 0.322737 0.478049 0.048376 0.039024
24 0.364202 0.577439 0.067726 0.047561
23 0.408777 0.667073 0.054596 0.051220
17 0.410159 0.812195 0.044921 0.051220
19 0.577747 0.659146 0.038701 0.042683
32 0.405321 0.418902 0.029717 0.030488
8 0.464064 0.368293 0.026952 0.026829
7 0.524534 0.324390 0.017968 0.024390
5 0.582585 0.279878 0.026261 0.032927
6 0.637180 0.235976 0.024879 0.032927
36 0.335867 0.343293 0.012440 0.030488
1 0.519005 0.577439 0.027643 0.032927
2 0.577747 0.525000 0.022115 0.028049
3 0.637871 0.470732 0.022115 0.031707
20 0.693849 0.421951 0.022115 0.034146
21 0.752937 0.375000 0.028334 0.030488
22 0.805460 0.329268 0.022806 0.034146
74 0.857291 0.284146 0.025570 0.031707
0 0.451624 0.506098 0.024188 0.029268
27 0.512785 0.453659 0.022115 0.034146
28 0.571873 0.406098 0.022806 0.036585
4 0.629578 0.360976 0.023497 0.039024
29 0.686593 0.314024 0.028334 0.040244
30 0.741189 0.265854 0.028334 0.031707
73 0.793020 0.226220 0.022806 0.035366
31 0.840014 0.184146 0.025570 0.034146
72 0.892882 0.143902 0.027643 0.029268
33 0.690394 0.191463 0.020733 0.029268
34 0.742916 0.149390 0.023497 0.030488
35 0.793020 0.110366 0.020041 0.035366
59 0.844160 0.071341 0.026952 0.030488
60 0.889772 0.035366 0.018659 0.024390
43 0.347616 0.334756 0.016586 0.030488
13 0.395646 0.300000 0.014513 0.029268
12 0.412232 0.287805 0.020041 0.031707
14 0.457498 0.254878 0.017968 0.034146
11 0.471320 0.242683 0.016586 0.026829
15 0.514858 0.207317 0.013822 0.026829
10 0.528334 0.202439 0.017277 0.021951
16 0.570491 0.170732 0.020041 0.034146
9 0.583276 0.156098 0.022115 0.029268
37 0.625086 0.127439 0.014513 0.025610
38 0.676918 0.087195 0.020041 0.025610
39 0.728749 0.048780 0.021424 0.021951
