7 0.138245 0.475285 0.028213 0.041825
8 0.046082 0.433460 0.031975 0.038023
28 0.195925 0.377376 0.028213 0.043726
4 0.282445 0.428232 0.023197 0.044677
29 0.369906 0.468631 0.027586 0.034221
30 0.450157 0.509981 0.027586 0.035171
5 0.229467 0.520437 0.023824 0.038973
6 0.310031 0.558935 0.021944 0.038023
33 0.392163 0.597909 0.019436 0.032319
34 0.469592 0.634030 0.021317 0.030418
35 0.544201 0.673004 0.016301 0.028517
59 0.617555 0.707224 0.026332 0.036122
60 0.684326 0.739544 0.021944 0.022814
14 0.049216 0.561787 0.018182 0.030418
50 0.020690 0.699620 0.033856 0.043726
15 0.141693 0.601711 0.020063 0.034221
72 0.677429 0.627852 0.024451 0.038973
31 0.603762 0.591255 0.023824 0.028517
73 0.532915 0.554658 0.022571 0.035171
1 0.087147 0.194867 0.027586 0.043726
2 0.184013 0.247148 0.023197 0.045627
3 0.277429 0.298004 0.024451 0.038973
20 0.364577 0.346958 0.024451 0.030418
21 0.451097 0.392110 0.025705 0.033270
22 0.531975 0.434886 0.020690 0.033270
74 0.610031 0.479563 0.026332 0.035171
