47 0.019749 0.687262 0.038245 0.045627
48 0.081818 0.591255 0.038245 0.039924
49 0.140439 0.500475 0.035110 0.038973
50 0.227273 0.368346 0.036991 0.037072
51 0.281191 0.284696 0.038245 0.038973
52 0.332915 0.205323 0.035110 0.045627
53 0.384013 0.125000 0.034483 0.037072
54 0.455486 0.016635 0.036991 0.031369
14 0.089028 0.790399 0.030094 0.035171
11 0.107837 0.761407 0.026332 0.036122
15 0.156113 0.683460 0.026332 0.030418
10 0.172100 0.661597 0.021944 0.026616
16 0.215361 0.589829 0.026959 0.029468
9 0.231975 0.562738 0.030094 0.030418
37 0.272727 0.495722 0.027586 0.027567
38 0.328527 0.402567 0.027586 0.023764
39 0.385580 0.315114 0.022571 0.025665
40 0.438245 0.230513 0.023824 0.025665
41 0.489655 0.149715 0.028840 0.023764
8 0.130094 0.902091 0.031975 0.036122
7 0.195611 0.792776 0.036364 0.032319
5 0.258934 0.689639 0.033856 0.037072
6 0.317555 0.591255 0.028213 0.026616
33 0.373981 0.492871 0.029467 0.029468
34 0.430721 0.404943 0.030094 0.030418
35 0.482445 0.316065 0.030721 0.025665
59 0.531975 0.231464 0.030721 0.027567
60 0.580878 0.152091 0.031975 0.030418
27 0.210345 0.946293 0.038245 0.042776
28 0.274608 0.837928 0.033856 0.037072
4 0.338245 0.726711 0.030721 0.037072
29 0.395925 0.625475 0.035737 0.032319
30 0.453292 0.524715 0.035110 0.034221
73 0.510031 0.430608 0.029467 0.032319
31 0.560188 0.341730 0.026959 0.027567
72 0.611599 0.257605 0.031975 0.026616
2 0.310972 0.957700 0.035110 0.042776
3 0.373668 0.842681 0.041379 0.037072
20 0.435423 0.734791 0.031975 0.032319
21 0.492790 0.630703 0.033856 0.037072
22 0.550157 0.530418 0.036991 0.036122
74 0.602821 0.433460 0.030721 0.032319
77 0.663323 0.330323 0.020063 0.025665
76 0.710345 0.241920 0.025078 0.023764
19 0.772414 0.307510 0.045141 0.052281
