47 0.023824 0.317490 0.043887 0.041825
48 0.107524 0.279943 0.045768 0.033270
49 0.190282 0.244772 0.050784 0.037072
50 0.307210 0.197243 0.041379 0.031369
51 0.381191 0.164924 0.040125 0.031369
52 0.452978 0.136407 0.043260 0.035171
53 0.522571 0.108365 0.042006 0.038023
54 0.623511 0.066540 0.040752 0.036122
55 0.685580 0.038973 0.039498 0.034221
14 0.049843 0.457700 0.023197 0.035171
11 0.074608 0.451521 0.026332 0.034221
15 0.142947 0.413973 0.025078 0.027567
10 0.163009 0.409696 0.026332 0.030418
16 0.224451 0.378802 0.026332 0.027567
9 0.245768 0.370247 0.025078 0.027567
37 0.304075 0.341730 0.026332 0.025665
38 0.385580 0.306559 0.023824 0.031369
44 0.406583 0.297053 0.026959 0.025665
39 0.461755 0.270913 0.021944 0.024715
45 0.478683 0.262833 0.016928 0.019962
40 0.536677 0.236692 0.020063 0.030418
8 0.047022 0.583650 0.032602 0.036122
7 0.140752 0.540399 0.033229 0.033270
5 0.226959 0.499049 0.033856 0.034221
6 0.310658 0.457700 0.031975 0.027567
33 0.392163 0.420627 0.028213 0.037072
34 0.471160 0.383555 0.034483 0.029468
35 0.545768 0.345532 0.024451 0.029468
59 0.617555 0.310837 0.027586 0.030418
60 0.685580 0.278992 0.030721 0.033270
0 0.011912 0.733840 0.022571 0.038023
27 0.102194 0.684411 0.033856 0.041825
28 0.196552 0.635932 0.033229 0.034221
4 0.283699 0.590779 0.034483 0.042776
29 0.369592 0.547053 0.033229 0.027567
30 0.451097 0.506654 0.034483 0.030418
73 0.531975 0.463878 0.024451 0.032319
31 0.604389 0.427757 0.028840 0.026616
72 0.676803 0.392110 0.034483 0.023764
1 0.089028 0.825095 0.035110 0.038023
2 0.184326 0.772814 0.031348 0.036122
3 0.277743 0.721958 0.035110 0.037072
20 0.365204 0.673004 0.031975 0.032319
21 0.451097 0.627376 0.030721 0.032319
22 0.534796 0.584125 0.031348 0.027567
74 0.610031 0.539449 0.035110 0.029468
19 0.160502 0.923954 0.061442 0.047529
19 0.799060 0.556084 0.049530 0.043726
76 0.768966 0.455798 0.024451 0.019962
77 0.698746 0.494297 0.025705 0.024715
41 0.607524 0.206749 0.026332 0.025665
