47 0.021630 0.297529 0.042006 0.041825
48 0.106270 0.260456 0.043260 0.034221
49 0.188401 0.228137 0.047022 0.041825
50 0.305956 0.179183 0.048903 0.035171
51 0.381818 0.147338 0.045141 0.034221
52 0.451724 0.117871 0.031975 0.030418
53 0.522257 0.088403 0.045141 0.034221
54 0.620690 0.045152 0.041379 0.037072
55 0.684013 0.017110 0.047649 0.026616
14 0.049216 0.439163 0.025705 0.034221
15 0.141066 0.394487 0.031348 0.026616
16 0.225078 0.360741 0.022571 0.033270
37 0.305329 0.324620 0.027586 0.029468
38 0.384013 0.286597 0.021944 0.033270
39 0.462069 0.251901 0.023824 0.026616
40 0.535110 0.220057 0.023197 0.027567
41 0.605329 0.187262 0.018182 0.028517
8 0.046082 0.567966 0.033229 0.033270
7 0.137618 0.521863 0.029467 0.032319
5 0.227586 0.481939 0.035110 0.032319
6 0.309091 0.440589 0.031348 0.031369
33 0.393417 0.403992 0.029467 0.030418
34 0.471160 0.365019 0.033229 0.032319
35 0.544514 0.329373 0.025705 0.029468
59 0.616614 0.293726 0.031975 0.038023
60 0.684953 0.258555 0.038245 0.032319
0 0.011285 0.716255 0.021317 0.037072
27 0.103448 0.663498 0.035110 0.036122
28 0.195611 0.619297 0.036364 0.031369
4 0.283072 0.572719 0.031975 0.038973
29 0.367712 0.529468 0.034483 0.030418
30 0.452351 0.488118 0.028213 0.035171
73 0.532288 0.449144 0.037618 0.031369
31 0.605016 0.409221 0.031348 0.025665
72 0.677116 0.374049 0.028840 0.027567
1 0.087461 0.804183 0.044514 0.032319
2 0.184326 0.752852 0.030094 0.036122
3 0.276803 0.702471 0.040752 0.039924
20 0.364890 0.654943 0.031348 0.030418
21 0.452978 0.608840 0.034483 0.031369
22 0.534483 0.563688 0.033229 0.026616
74 0.611912 0.520913 0.033856 0.030418
77 0.700313 0.474810 0.025078 0.021863
76 0.768652 0.438213 0.020063 0.022814
19 0.799060 0.536122 0.043260 0.038023
19 0.162696 0.902091 0.073354 0.057034
