32 0.399888 0.407315 0.063758 0.051102
8 0.507830 0.373246 0.049217 0.037074
7 0.619687 0.342685 0.046980 0.040080
5 0.718121 0.307615 0.053691 0.032064
6 0.818792 0.276052 0.051454 0.035070
33 0.912752 0.241984 0.040268 0.039078
37 0.813758 0.195391 0.030201 0.026052
16 0.716443 0.225451 0.034676 0.024048
15 0.615772 0.257014 0.036913 0.025050
14 0.513423 0.287074 0.042506 0.027054
13 0.409396 0.319138 0.033557 0.025050
36 0.295302 0.352705 0.033557 0.024048
38 0.908837 0.169339 0.036913 0.020040
39 0.989933 0.141283 0.020134 0.022044
44 0.892617 0.147295 0.029083 0.024048
45 0.980425 0.119238 0.027964 0.026052
9 0.701902 0.203407 0.034676 0.026052
10 0.600112 0.234970 0.027964 0.029058
11 0.500559 0.262525 0.030201 0.026052
12 0.390380 0.293587 0.035794 0.022044
43 0.281320 0.329158 0.034676 0.023046
24 0.332215 0.536573 0.125280 0.049098
0 0.492729 0.487475 0.048098 0.041082
27 0.601230 0.446894 0.052573 0.036072
28 0.703579 0.411323 0.046980 0.033066
4 0.804251 0.373747 0.035794 0.036072
29 0.912192 0.341182 0.041387 0.035070
1 0.610179 0.542084 0.054810 0.032064
2 0.722595 0.504509 0.044743 0.031062
3 0.829978 0.466433 0.051454 0.039078
20 0.928412 0.430862 0.049217 0.040080
19 0.719799 0.616733 0.063758 0.041082
42 0.578300 0.670842 0.078300 0.033066
17 0.427293 0.729459 0.076063 0.030060
23 0.428971 0.611222 0.097315 0.038076
