1 0.176772 0.348760 0.027052 0.039669
2 0.229011 0.354545 0.025187 0.041322
3 0.278918 0.361983 0.029851 0.036364
20 0.326493 0.372727 0.024254 0.034711
21 0.373601 0.379339 0.030784 0.038017
22 0.418377 0.386777 0.025187 0.039669
74 0.463619 0.390909 0.022388 0.041322
0 0.152985 0.419008 0.022388 0.034711
27 0.204757 0.427273 0.025187 0.038017
28 0.252332 0.432231 0.023321 0.031405
4 0.300840 0.438843 0.021455 0.038017
29 0.346082 0.442975 0.022388 0.039669
30 0.390858 0.449587 0.022388 0.036364
73 0.436567 0.455372 0.018657 0.031405
31 0.478078 0.459504 0.019590 0.039669
72 0.514925 0.463636 0.020522 0.031405
32 0.142724 0.490083 0.024254 0.038017
8 0.191231 0.496694 0.022388 0.041322
7 0.239739 0.504132 0.020522 0.042975
5 0.284981 0.508264 0.021455 0.034711
6 0.329291 0.514876 0.026119 0.041322
33 0.375466 0.518182 0.025187 0.038017
34 0.419776 0.523967 0.020522 0.042975
35 0.460821 0.529752 0.014925 0.038017
59 0.500466 0.532231 0.017724 0.029752
60 0.541511 0.538843 0.021455 0.036364
24 0.082090 0.409091 0.067164 0.044628
25 0.079291 0.485950 0.042910 0.033058
23 0.094683 0.335537 0.064366 0.039669
17 0.062034 0.243802 0.045709 0.034711
18 0.131996 0.257025 0.036381 0.044628
19 0.198694 0.270248 0.031716 0.034711
19 0.549440 0.332231 0.035448 0.029752
23 0.666511 0.420661 0.058769 0.038017
69 0.643190 0.607438 0.060634 0.038017
46 0.168843 0.664463 0.026119 0.042975
47 0.216418 0.670248 0.022388 0.024793
48 0.259328 0.674380 0.020522 0.023140
49 0.302705 0.677686 0.025187 0.036364
50 0.365205 0.676033 0.023321 0.026446
51 0.406716 0.682645 0.018657 0.026446
52 0.447761 0.680992 0.024254 0.033058
53 0.486940 0.685950 0.022388 0.029752
54 0.543377 0.686777 0.017724 0.031405
55 0.578825 0.690083 0.017724 0.024793
56 0.616138 0.695041 0.021455 0.024793
57 0.651586 0.695868 0.021455 0.033058
38 0.830224 0.564463 0.026119 0.024793
39 0.865672 0.570248 0.014925 0.019835
40 0.895989 0.571074 0.013993 0.028099
15 0.843284 0.504132 0.011194 0.029752
16 0.877799 0.509917 0.018657 0.031405
37 0.910448 0.516529 0.016791 0.028099
36 0.857276 0.448760 0.020522 0.038017
13 0.892724 0.451240 0.018657 0.033058
14 0.924907 0.457851 0.019590 0.033058
41 0.894590 0.389256 0.031716 0.031405
70 0.969216 0.434711 0.031716 0.115702
68 0.939366 0.561157 0.027985 0.080992
