46 0.166511 0.648760 0.030784 0.028099
47 0.204291 0.607438 0.033582 0.034711
48 0.243004 0.566116 0.030784 0.034711
49 0.281250 0.526446 0.030784 0.038017
50 0.333955 0.464463 0.026119 0.033058
51 0.370336 0.428926 0.026119 0.038017
52 0.402519 0.390909 0.023321 0.034711
53 0.436101 0.353719 0.021455 0.029752
54 0.484608 0.300826 0.028918 0.036364
55 0.514925 0.263636 0.027985 0.031405
56 0.548041 0.230579 0.023321 0.031405
57 0.577425 0.196694 0.031716 0.029752
36 0.152985 0.792562 0.020522 0.018182
32 0.194963 0.823967 0.033582 0.031405
8 0.233675 0.771901 0.032649 0.029752
7 0.273321 0.729752 0.031716 0.038017
5 0.313899 0.680992 0.034515 0.033058
6 0.349813 0.638843 0.031716 0.038017
33 0.388526 0.594215 0.034515 0.038017
34 0.423507 0.550413 0.033582 0.033058
35 0.459422 0.511570 0.025187 0.028099
59 0.493004 0.472727 0.028918 0.039669
60 0.524720 0.431405 0.025187 0.036364
0 0.223414 0.876860 0.027052 0.031405
25 0.142257 0.881818 0.047575 0.031405
24 0.167910 0.949587 0.057836 0.047934
1 0.262593 0.917355 0.030784 0.049587
2 0.306437 0.867769 0.032649 0.042975
3 0.348414 0.815702 0.034515 0.044628
20 0.386660 0.766116 0.032649 0.038017
21 0.424907 0.722314 0.034515 0.042975
22 0.463153 0.670248 0.034515 0.031405
74 0.500466 0.627273 0.032649 0.044628
27 0.263993 0.829752 0.037313 0.049587
28 0.305970 0.780992 0.029851 0.041322
4 0.342817 0.731405 0.032649 0.051240
29 0.382463 0.682645 0.031716 0.046281
30 0.421175 0.642975 0.036381 0.049587
73 0.455690 0.595868 0.032649 0.041322
31 0.493937 0.557851 0.032649 0.047934
72 0.527519 0.515702 0.032649 0.036364
77 0.531716 0.582645 0.018657 0.028099
76 0.565299 0.539669 0.018657 0.028099
19 0.592817 0.603306 0.036381 0.056198
19 0.305970 0.964463 0.046642 0.044628
17 0.722481 0.455372 0.047575 0.051240
41 0.881063 0.257025 0.053172 0.051240
36 0.825093 0.228099 0.027052 0.023140
13 0.855877 0.199174 0.027052 0.031405
14 0.884328 0.164463 0.029851 0.041322
15 0.799440 0.188430 0.031716 0.026446
16 0.824160 0.156198 0.027052 0.034711
37 0.852612 0.126446 0.029851 0.031405
38 0.768657 0.148760 0.029851 0.036364
39 0.798041 0.117355 0.023321 0.029752
40 0.823694 0.088430 0.024254 0.038017
23 0.666511 0.424793 0.047575 0.046281
69 0.599347 0.271901 0.068097 0.064463
68 0.868004 0.076033 0.038246 0.049587
70 0.926772 0.138017 0.058769 0.067769
13 0.194963 0.749587 0.018657 0.028099
14 0.236007 0.702479 0.020522 0.023140
15 0.275653 0.657025 0.017724 0.021488
16 0.314366 0.612397 0.022388 0.024793
37 0.351679 0.569421 0.020522 0.024793
38 0.386194 0.528099 0.018657 0.021488
39 0.423041 0.485950 0.017724 0.019835
40 0.458022 0.447107 0.022388 0.014876
41 0.489272 0.411570 0.015858 0.023140
