36 0.118470 0.480165 0.020522 0.021488
13 0.164179 0.476860 0.016791 0.024793
14 0.213153 0.470248 0.017724 0.018182
15 0.260261 0.467769 0.014925 0.023140
16 0.307836 0.461983 0.014925 0.021488
37 0.351679 0.457851 0.016791 0.019835
46 0.166978 0.367769 0.018657 0.034711
47 0.214552 0.365289 0.022388 0.036364
48 0.257463 0.362810 0.020522 0.031405
49 0.300840 0.361983 0.021455 0.026446
50 0.366604 0.356198 0.024254 0.034711
51 0.407183 0.354545 0.025187 0.034711
52 0.446362 0.352893 0.019590 0.031405
53 0.487873 0.349587 0.022388 0.024793
54 0.542444 0.346281 0.019590 0.028099
55 0.580224 0.344628 0.024254 0.038017
56 0.616604 0.341322 0.024254 0.031405
57 0.652052 0.338017 0.024254 0.031405
32 0.141791 0.538843 0.022388 0.039669
8 0.191231 0.533058 0.024254 0.038017
7 0.239739 0.530579 0.024254 0.042975
5 0.286381 0.523967 0.026119 0.042975
6 0.332556 0.518182 0.023321 0.028099
33 0.376399 0.518182 0.025187 0.034711
34 0.419776 0.511570 0.024254 0.038017
35 0.458955 0.505785 0.020522 0.036364
59 0.503265 0.502479 0.023321 0.036364
60 0.542910 0.501653 0.027985 0.038017
0 0.153451 0.615702 0.023321 0.031405
27 0.205224 0.609917 0.027985 0.042975
28 0.251866 0.603306 0.022388 0.042975
4 0.301306 0.596694 0.024254 0.042975
29 0.346549 0.592562 0.023321 0.041322
30 0.391325 0.584298 0.028918 0.041322
73 0.437034 0.577686 0.025187 0.041322
31 0.477612 0.575207 0.022388 0.039669
72 0.519590 0.571074 0.024254 0.041322
1 0.176306 0.686777 0.029851 0.044628
2 0.227612 0.680165 0.026119 0.041322
3 0.277985 0.673554 0.026119 0.044628
20 0.326026 0.663636 0.021455 0.044628
21 0.373601 0.658678 0.025187 0.041322
22 0.419310 0.653719 0.021455 0.038017
74 0.463153 0.642975 0.025187 0.036364
25 0.079291 0.550413 0.046642 0.036364
24 0.085354 0.626446 0.056903 0.046281
23 0.098881 0.697521 0.061567 0.039669
17 0.062966 0.790909 0.041978 0.038017
19 0.197761 0.765289 0.037313 0.049587
19 0.548974 0.705785 0.030784 0.036364
77 0.505597 0.628926 0.022388 0.024793
76 0.546175 0.624793 0.021455 0.023140
41 0.894590 0.647934 0.029851 0.033058
36 0.861007 0.588430 0.031716 0.039669
13 0.892257 0.580165 0.025187 0.039669
14 0.927239 0.577686 0.018657 0.038017
15 0.845616 0.529752 0.021455 0.034711
16 0.878265 0.524793 0.023321 0.034711
37 0.911847 0.519008 0.023321 0.033058
38 0.831623 0.468595 0.021455 0.038017
39 0.863806 0.463636 0.022388 0.034711
40 0.897388 0.463636 0.024254 0.041322
68 0.937500 0.488430 0.024254 0.054545
69 0.647854 0.422314 0.066231 0.038017
23 0.663713 0.617355 0.075560 0.041322
17 0.704291 0.683471 0.041045 0.047934
38 0.395056 0.452893 0.015858 0.016529
39 0.436101 0.452066 0.019590 0.021488
40 0.475746 0.447934 0.016791 0.019835
41 0.516791 0.445455 0.014925 0.021488
43 0.118937 0.458678 0.019590 0.021488
12 0.164646 0.452893 0.019590 0.019835
11 0.213153 0.451240 0.017724 0.026446
10 0.261194 0.447934 0.020522 0.019835
9 0.306903 0.442149 0.026119 0.021488
45 0.434701 0.428926 0.013060 0.014876
44 0.395056 0.435537 0.021455 0.028099
