46 0.167444 0.337190 0.025187 0.039669
47 0.214086 0.332231 0.021455 0.036364
48 0.255131 0.330579 0.027052 0.029752
49 0.301772 0.327273 0.023321 0.033058
50 0.366604 0.323140 0.022388 0.031405
51 0.408116 0.321488 0.023321 0.031405
52 0.446362 0.323140 0.019590 0.031405
53 0.487407 0.317355 0.023321 0.033058
54 0.542910 0.312397 0.018657 0.029752
55 0.581157 0.312397 0.024254 0.033058
56 0.618004 0.309917 0.023321 0.031405
57 0.652519 0.306612 0.027052 0.028099
36 0.118004 0.449587 0.010261 0.023140
13 0.165578 0.440496 0.015858 0.014876
14 0.214086 0.438843 0.015858 0.024793
15 0.260261 0.434711 0.014925 0.023140
16 0.308769 0.432231 0.016791 0.021488
37 0.352146 0.425620 0.019590 0.024793
38 0.395522 0.421488 0.016791 0.023140
39 0.436101 0.419008 0.017724 0.021488
40 0.476679 0.414876 0.018657 0.026446
41 0.517257 0.412397 0.013993 0.021488
32 0.144123 0.509917 0.027052 0.034711
8 0.191698 0.502479 0.025187 0.046281
7 0.238340 0.495868 0.023321 0.033058
25 0.081623 0.510744 0.049440 0.029752
5 0.285448 0.492562 0.024254 0.039669
6 0.331623 0.490083 0.023321 0.038017
33 0.376866 0.482645 0.024254 0.039669
34 0.420709 0.481818 0.026119 0.038017
35 0.462220 0.474380 0.019590 0.036364
59 0.501866 0.471901 0.022388 0.041322
60 0.541511 0.466942 0.015858 0.031405
63 0.582556 0.471901 0.017724 0.024793
64 0.620336 0.468595 0.018657 0.024793
24 0.081623 0.592562 0.062500 0.044628
0 0.154851 0.582645 0.026119 0.038017
27 0.204291 0.576860 0.024254 0.039669
28 0.251866 0.571901 0.027985 0.039669
4 0.298974 0.564463 0.028918 0.038017
29 0.347481 0.557851 0.028918 0.034711
30 0.392724 0.552893 0.022388 0.038017
73 0.437034 0.544628 0.027052 0.038017
31 0.479011 0.542975 0.025187 0.034711
72 0.518657 0.538017 0.027985 0.041322
23 0.098414 0.661983 0.066231 0.038017
1 0.180504 0.655372 0.025187 0.041322
2 0.229478 0.647934 0.024254 0.039669
3 0.278918 0.639669 0.026119 0.039669
20 0.325093 0.632231 0.027052 0.038017
21 0.375466 0.626446 0.027052 0.036364
22 0.419776 0.618182 0.026119 0.039669
74 0.464086 0.610744 0.028918 0.038017
77 0.505131 0.598347 0.017724 0.023140
76 0.549907 0.592562 0.027052 0.028099
17 0.062966 0.758678 0.043843 0.036364
19 0.201026 0.732231 0.038246 0.042975
19 0.548974 0.671074 0.027052 0.042975
17 0.706623 0.647107 0.030784 0.034711
23 0.668843 0.581818 0.057836 0.033058
69 0.645989 0.390083 0.058769 0.033058
68 0.591418 0.390909 0.014925 0.021488
41 0.894590 0.614876 0.044776 0.036364
36 0.859608 0.556198 0.023321 0.038017
13 0.893190 0.546281 0.023321 0.034711
14 0.925373 0.547107 0.031716 0.039669
15 0.846082 0.496694 0.020522 0.028099
16 0.878731 0.491736 0.022388 0.034711
37 0.910914 0.489256 0.019590 0.042975
38 0.833955 0.438843 0.022388 0.038017
39 0.865205 0.433058 0.021455 0.033058
40 0.895522 0.430579 0.020522 0.041322
70 0.971082 0.566942 0.035448 0.099174
68 0.936567 0.450413 0.024254 0.047934
67 0.919776 0.366116 0.022388 0.024793
43 0.119403 0.426446 0.020522 0.019835
12 0.166511 0.420661 0.021455 0.018182
11 0.215019 0.419008 0.021455 0.021488
10 0.259795 0.414876 0.021455 0.023140
9 0.306903 0.411570 0.022388 0.019835
44 0.393190 0.402479 0.015858 0.018182
45 0.435168 0.399174 0.013993 0.018182
65 0.475280 0.395041 0.021455 0.019835
66 0.514459 0.390909 0.021455 0.021488
