17 0.175727 0.412356 0.039191 0.033525
23 0.237990 0.473659 0.043616 0.031609
18 0.248104 0.358716 0.030973 0.039272
19 0.321429 0.301724 0.030973 0.028736
1 0.334703 0.408525 0.025917 0.041188
2 0.393489 0.364464 0.024652 0.035441
3 0.454172 0.320881 0.025917 0.038314
20 0.517699 0.275862 0.031606 0.044061
21 0.578698 0.228927 0.028445 0.040230
22 0.643805 0.178640 0.030973 0.052682
74 0.708913 0.132184 0.029709 0.044061
76 0.777813 0.093870 0.022124 0.030651
77 0.846397 0.047414 0.020228 0.033525
0 0.337231 0.505747 0.025917 0.036398
27 0.399178 0.466475 0.023388 0.034483
28 0.456384 0.423851 0.022756 0.039272
4 0.518015 0.382663 0.027181 0.035441
29 0.576802 0.335249 0.028445 0.045977
30 0.640645 0.295019 0.029709 0.045977
73 0.702908 0.239943 0.024020 0.035441
31 0.767383 0.199713 0.029077 0.046935
72 0.834071 0.152778 0.027181 0.045019
32 0.355879 0.595785 0.026549 0.034483
8 0.414981 0.562261 0.032238 0.040230
7 0.474083 0.520594 0.022756 0.041188
5 0.533186 0.478448 0.025917 0.039272
6 0.593236 0.436782 0.028445 0.042146
33 0.655183 0.392720 0.029709 0.036398
34 0.717130 0.349138 0.033502 0.045019
35 0.782238 0.300766 0.019595 0.042146
59 0.844185 0.257663 0.032238 0.045977
60 0.913717 0.208812 0.030973 0.042146
24 0.262010 0.563697 0.066372 0.046935
25 0.287927 0.645115 0.041087 0.022031
36 0.354930 0.686303 0.019595 0.023946
13 0.414665 0.648467 0.020228 0.028736
14 0.470291 0.606322 0.024020 0.026820
15 0.528129 0.564655 0.017067 0.025862
16 0.585335 0.526820 0.015171 0.024904
37 0.648546 0.486590 0.015171 0.026820
38 0.708281 0.443008 0.014539 0.025862
39 0.773704 0.399425 0.017699 0.028736
40 0.836599 0.353927 0.018331 0.029693
41 0.901391 0.309387 0.020228 0.030651
66 0.909608 0.339080 0.018963 0.026820
65 0.843236 0.383142 0.017699 0.028736
45 0.780341 0.429119 0.018331 0.026820
44 0.717446 0.468870 0.020228 0.023946
9 0.595765 0.550287 0.023388 0.027778
10 0.536346 0.590996 0.020860 0.024904
11 0.477560 0.631705 0.018331 0.025862
12 0.422250 0.673851 0.018963 0.022031
43 0.366308 0.713602 0.012010 0.024904
46 0.456700 0.760057 0.022124 0.025862
47 0.512958 0.724138 0.022124 0.024904
48 0.570796 0.684866 0.020228 0.028736
49 0.629583 0.644157 0.025284 0.031609
50 0.719659 0.586686 0.023388 0.037356
51 0.780657 0.548851 0.022756 0.032567
52 0.844817 0.506226 0.025917 0.039272
53 0.904551 0.461207 0.024020 0.035441
26 0.346713 0.833812 0.036030 0.029693
