32 0.342288 0.526341 0.028445 0.043103
8 0.405815 0.510536 0.030341 0.042146
7 0.470923 0.506226 0.024020 0.048851
5 0.535398 0.498084 0.022756 0.045977
6 0.603982 0.485632 0.023388 0.049808
33 0.673515 0.477011 0.029709 0.040230
34 0.737990 0.466475 0.030973 0.038314
35 0.809102 0.458333 0.017699 0.045019
59 0.878951 0.448755 0.029709 0.046935
60 0.953224 0.442050 0.026549 0.054598
0 0.358407 0.614943 0.025284 0.040230
27 0.422566 0.608238 0.023388 0.045977
28 0.486410 0.598659 0.024652 0.038314
4 0.552781 0.593391 0.030973 0.058429
29 0.619469 0.586686 0.029077 0.052682
30 0.690898 0.573276 0.026549 0.035441
73 0.758850 0.568008 0.029709 0.047893
31 0.831226 0.556034 0.026549 0.045019
72 0.904235 0.547893 0.027181 0.045977
46 0.374842 0.306513 0.021492 0.026820
47 0.438053 0.292146 0.024020 0.026820
48 0.499684 0.284004 0.024652 0.025862
49 0.564159 0.274904 0.022124 0.024904
50 0.659924 0.257663 0.025284 0.028736
51 0.725980 0.246169 0.022124 0.026820
52 0.795512 0.237069 0.020860 0.029693
53 0.862516 0.224617 0.023388 0.033525
26 0.257269 0.325192 0.027813 0.023946
25 0.266751 0.534962 0.034134 0.027778
24 0.274020 0.625479 0.068900 0.024904
23 0.288243 0.719828 0.048040 0.022031
17 0.249052 0.820402 0.037927 0.023946
18 0.328066 0.812261 0.036662 0.024904
19 0.410872 0.802682 0.039191 0.026820
1 0.386536 0.703544 0.024652 0.037356
2 0.452276 0.693966 0.023388 0.039272
3 0.519595 0.687739 0.031606 0.042146
20 0.588496 0.681992 0.026549 0.040230
21 0.658344 0.673851 0.028445 0.043103
22 0.729772 0.664272 0.030973 0.043103
74 0.802781 0.656609 0.035398 0.050766
77 0.874526 0.637931 0.025917 0.028736
76 0.950379 0.629789 0.025917 0.035441
36 0.312895 0.443008 0.016435 0.020115
13 0.375158 0.438218 0.018331 0.025862
14 0.438685 0.431034 0.013906 0.030651
15 0.503477 0.421935 0.019595 0.027778
16 0.565424 0.411398 0.019595 0.022031
37 0.633375 0.398946 0.018963 0.027778
38 0.698167 0.393678 0.018331 0.030651
39 0.768963 0.378831 0.017067 0.027778
40 0.837863 0.370690 0.015803 0.030651
41 0.908344 0.358716 0.021492 0.029693
66 0.906131 0.327586 0.019595 0.034483
65 0.834703 0.337644 0.020860 0.037356
45 0.766119 0.347222 0.021492 0.027778
44 0.696271 0.359195 0.023388 0.030651
9 0.564791 0.380747 0.020860 0.027778
10 0.500948 0.392720 0.018331 0.028736
11 0.435525 0.399425 0.025284 0.024904
12 0.376422 0.407088 0.020860 0.026820
43 0.315107 0.415709 0.014539 0.032567
58 0.253161 0.427203 0.023388 0.011494
67 0.980721 0.319444 0.029709 0.022031
