32 0.357459 0.421456 0.027181 0.044061
8 0.415613 0.455939 0.034766 0.047893
7 0.472503 0.495690 0.025917 0.050766
5 0.532238 0.538793 0.027813 0.048851
6 0.595765 0.579981 0.028445 0.046935
33 0.655815 0.625000 0.027181 0.048851
34 0.717446 0.666667 0.024020 0.042146
35 0.778761 0.713602 0.017699 0.044061
59 0.844817 0.759100 0.022124 0.048851
60 0.913401 0.808908 0.018963 0.048851
0 0.336915 0.506226 0.026549 0.046935
27 0.397282 0.550287 0.024652 0.039272
28 0.455120 0.591475 0.027813 0.043103
4 0.516435 0.636015 0.026549 0.045977
29 0.576802 0.681992 0.024652 0.047893
30 0.640961 0.724138 0.026549 0.047893
73 0.702276 0.772510 0.025284 0.048851
31 0.767699 0.815134 0.025917 0.053640
72 0.831858 0.867816 0.018963 0.057471
1 0.334387 0.605843 0.022756 0.037356
2 0.394121 0.651820 0.027181 0.045019
3 0.452908 0.696839 0.027181 0.039272
20 0.517067 0.740421 0.024020 0.042146
21 0.578066 0.787835 0.025917 0.050766
22 0.643489 0.834291 0.026549 0.044061
74 0.709545 0.885057 0.030973 0.053640
77 0.777813 0.920498 0.025917 0.036398
76 0.847029 0.965517 0.020228 0.034483
23 0.239570 0.544061 0.041719 0.040230
17 0.176043 0.603448 0.038559 0.036398
18 0.248104 0.659004 0.030973 0.042146
19 0.322377 0.709291 0.035398 0.043103
24 0.264539 0.454981 0.067636 0.061303
25 0.286662 0.371169 0.027181 0.035441
36 0.353034 0.330460 0.018331 0.026820
13 0.412453 0.371648 0.015803 0.024904
14 0.470291 0.412356 0.013906 0.023946
15 0.527181 0.452107 0.015171 0.026820
16 0.586915 0.490900 0.019595 0.025862
37 0.649178 0.531130 0.018963 0.027778
38 0.707965 0.574713 0.020228 0.028736
39 0.772440 0.616858 0.020228 0.028736
40 0.835651 0.662356 0.015171 0.029693
41 0.901391 0.706897 0.021492 0.030651
46 0.456700 0.255747 0.019595 0.028736
47 0.514855 0.292625 0.020860 0.031609
48 0.569532 0.331418 0.024020 0.032567
49 0.629583 0.370690 0.021492 0.038314
50 0.718078 0.429598 0.020228 0.029693
51 0.779393 0.470785 0.021492 0.031609
52 0.843552 0.511973 0.024652 0.031609
53 0.904551 0.553161 0.021492 0.031609
44 0.718710 0.550287 0.016435 0.031609
45 0.780341 0.588602 0.020860 0.035441
65 0.843552 0.633621 0.015803 0.037356
66 0.908344 0.674330 0.016435 0.034483
9 0.595765 0.465996 0.019595 0.025862
10 0.536662 0.426724 0.021492 0.031609
11 0.478508 0.385057 0.024020 0.032567
12 0.421302 0.343870 0.020860 0.030651
43 0.365360 0.302682 0.017699 0.028736
26 0.347977 0.186782 0.033502 0.040230
67 0.973135 0.724138 0.027181 0.028736
61 0.985461 0.841954 0.015171 0.038314
63 0.976928 0.871648 0.013274 0.034483
58 0.311631 0.267241 0.012642 0.017241
