26 0.347345 0.163793 0.028445 0.030651
46 0.455752 0.235153 0.021492 0.031609
47 0.515487 0.274425 0.020860 0.029693
48 0.570164 0.313218 0.018963 0.030651
49 0.628635 0.352490 0.019595 0.026820
50 0.718394 0.410441 0.022124 0.027778
51 0.780341 0.450670 0.019595 0.035441
52 0.843552 0.494253 0.019595 0.034483
53 0.905183 0.535920 0.022756 0.037356
36 0.356195 0.309866 0.013274 0.025862
13 0.410556 0.355843 0.018331 0.031609
14 0.468710 0.393199 0.015803 0.022031
15 0.528129 0.431992 0.018331 0.028736
16 0.585335 0.469828 0.017699 0.027778
37 0.649494 0.510536 0.018331 0.028736
38 0.707649 0.554119 0.015803 0.033525
39 0.773388 0.597701 0.018331 0.032567
40 0.836599 0.644157 0.018331 0.033525
41 0.902339 0.688697 0.020860 0.034483
12 0.422250 0.324713 0.018963 0.032567
11 0.479772 0.364464 0.021492 0.033525
10 0.537611 0.407088 0.013274 0.026820
9 0.594501 0.443966 0.020860 0.033525
44 0.718394 0.526341 0.022124 0.039272
45 0.781922 0.567050 0.016435 0.028736
65 0.844501 0.611590 0.012642 0.031609
66 0.911188 0.658046 0.018331 0.044061
67 0.975348 0.705460 0.025284 0.039272
25 0.290455 0.355364 0.029709 0.038314
58 0.312895 0.247126 0.015171 0.017241
24 0.264539 0.436782 0.067636 0.057471
23 0.240834 0.526820 0.040455 0.038314
17 0.178255 0.586207 0.036662 0.040230
18 0.248736 0.640326 0.027181 0.039272
19 0.321429 0.695881 0.027181 0.037356
1 0.333755 0.587644 0.026549 0.039272
2 0.392857 0.633142 0.025917 0.045977
3 0.453540 0.674808 0.025917 0.045019
20 0.517383 0.720307 0.024652 0.044061
21 0.578382 0.766762 0.029077 0.050766
22 0.643173 0.814176 0.029709 0.053640
74 0.708281 0.863506 0.030973 0.052682
77 0.777813 0.903736 0.019595 0.033525
76 0.846397 0.949713 0.018963 0.035441
32 0.357143 0.398467 0.022756 0.044061
8 0.415929 0.434387 0.031606 0.046935
7 0.474083 0.477969 0.024020 0.042146
5 0.530973 0.519636 0.024020 0.043103
6 0.593869 0.559387 0.025917 0.044061
33 0.656131 0.606322 0.027813 0.042146
34 0.716814 0.648946 0.026549 0.048851
35 0.780341 0.695881 0.017067 0.043103
59 0.845133 0.739464 0.030341 0.053640
60 0.910872 0.786877 0.026549 0.056513
0 0.338496 0.487069 0.025917 0.043103
27 0.396966 0.532088 0.024020 0.035441
28 0.453224 0.573276 0.032870 0.039272
4 0.516119 0.615900 0.027181 0.047893
29 0.576485 0.663314 0.027813 0.048851
30 0.640013 0.704981 0.029709 0.049808
73 0.701960 0.757184 0.024652 0.039272
31 0.767699 0.800766 0.029709 0.055556
72 0.831858 0.846743 0.024020 0.051724
