32 0.358723 0.400862 0.028445 0.043103
8 0.415613 0.435824 0.033502 0.042146
7 0.473135 0.478927 0.027181 0.042146
5 0.531290 0.522510 0.024652 0.046935
6 0.592604 0.561782 0.029709 0.054598
33 0.654867 0.604406 0.026549 0.038314
34 0.716498 0.649425 0.028445 0.049808
35 0.780025 0.693966 0.017699 0.041188
59 0.845449 0.742337 0.025917 0.042146
60 0.914349 0.786398 0.027181 0.045977
0 0.339444 0.489943 0.025284 0.043103
27 0.398230 0.532567 0.021492 0.036398
28 0.453856 0.572318 0.030341 0.048851
4 0.515487 0.616858 0.028445 0.040230
29 0.578066 0.663793 0.020860 0.047893
30 0.640961 0.705939 0.029077 0.042146
73 0.701960 0.756705 0.025917 0.044061
31 0.766119 0.799330 0.026549 0.052682
72 0.829962 0.847701 0.022756 0.049808
1 0.334703 0.587165 0.025917 0.040230
2 0.394121 0.636015 0.028445 0.044061
3 0.455120 0.678640 0.027813 0.043103
20 0.516119 0.722701 0.028445 0.041188
21 0.579330 0.769157 0.023388 0.049808
22 0.643173 0.818008 0.029709 0.045977
74 0.710809 0.863985 0.033502 0.053640
77 0.778129 0.902778 0.022756 0.031609
76 0.846397 0.949713 0.025284 0.035441
19 0.321113 0.695881 0.031606 0.041188
18 0.250316 0.640326 0.030341 0.039272
17 0.177623 0.587165 0.039191 0.045977
23 0.239254 0.522989 0.038559 0.040230
24 0.265171 0.434387 0.066372 0.060345
25 0.290139 0.354406 0.030341 0.038314
36 0.354298 0.309866 0.018331 0.027778
13 0.412769 0.350575 0.012642 0.028736
14 0.469975 0.390805 0.013274 0.034483
15 0.527813 0.432471 0.018963 0.027778
16 0.586283 0.468391 0.017067 0.028736
37 0.650442 0.511494 0.015171 0.024904
38 0.708597 0.553640 0.017699 0.028736
39 0.773072 0.598180 0.022756 0.027778
40 0.834387 0.642720 0.018963 0.030651
41 0.900126 0.687261 0.020228 0.033525
12 0.422882 0.325192 0.021492 0.023946
11 0.478508 0.364943 0.018963 0.028736
10 0.536346 0.406130 0.019595 0.032567
9 0.595449 0.447318 0.027813 0.034483
44 0.716182 0.525383 0.020228 0.037356
45 0.780025 0.570402 0.022756 0.035441
65 0.843236 0.614464 0.017699 0.037356
66 0.909292 0.657088 0.015803 0.034483
58 0.312263 0.247126 0.015171 0.017241
46 0.457332 0.234674 0.014539 0.032567
47 0.514223 0.272989 0.017067 0.028736
48 0.573641 0.313697 0.023388 0.031609
49 0.627686 0.354406 0.022756 0.034483
50 0.716182 0.413314 0.022756 0.031609
51 0.781922 0.452586 0.022756 0.031609
52 0.843552 0.493295 0.024652 0.032567
53 0.905815 0.536877 0.025284 0.037356
67 0.977244 0.708812 0.029077 0.032567
