32 0.357459 0.403257 0.024652 0.044061
8 0.416561 0.435824 0.035398 0.049808
7 0.472819 0.476533 0.027813 0.054598
5 0.532554 0.520115 0.023388 0.042146
6 0.594817 0.559387 0.021492 0.042146
33 0.658344 0.607280 0.024652 0.042146
34 0.717762 0.649904 0.027181 0.045019
35 0.781290 0.696839 0.015171 0.039272
59 0.846713 0.741858 0.027181 0.052682
60 0.912137 0.787356 0.031606 0.051724
0 0.339128 0.487069 0.025917 0.037356
27 0.396966 0.530172 0.022756 0.031609
28 0.454488 0.572318 0.030341 0.045019
4 0.515171 0.617337 0.031606 0.043103
29 0.576802 0.661877 0.028445 0.049808
30 0.641909 0.706418 0.027181 0.045019
73 0.701960 0.754310 0.025917 0.046935
31 0.767067 0.799808 0.029709 0.049808
72 0.831858 0.845785 0.022756 0.045977
1 0.334071 0.587644 0.025917 0.041188
2 0.393173 0.632663 0.025284 0.045019
3 0.454488 0.676724 0.026549 0.033525
20 0.518647 0.720785 0.027181 0.050766
21 0.579330 0.767720 0.023388 0.052682
22 0.643805 0.817529 0.027181 0.052682
74 0.710809 0.865900 0.034766 0.049808
77 0.779709 0.902299 0.025917 0.028736
76 0.847661 0.947318 0.022756 0.040230
19 0.323957 0.692529 0.034766 0.040230
18 0.249368 0.638410 0.030973 0.039272
17 0.179836 0.589080 0.039823 0.049808
23 0.241466 0.522510 0.040455 0.037356
24 0.262642 0.433908 0.067636 0.057471
25 0.286662 0.352969 0.028445 0.033525
58 0.311315 0.245211 0.020860 0.022989
36 0.355879 0.311303 0.015171 0.021073
13 0.412137 0.352490 0.012642 0.024904
14 0.471871 0.390805 0.019595 0.030651
15 0.527497 0.432950 0.017067 0.026820
16 0.587231 0.471264 0.016435 0.028736
37 0.649494 0.513410 0.018331 0.030651
38 0.709229 0.555077 0.016435 0.031609
39 0.772756 0.598659 0.015803 0.034483
40 0.836915 0.641762 0.022756 0.034483
41 0.902023 0.687739 0.018963 0.032567
66 0.909292 0.657567 0.018331 0.035441
65 0.845133 0.615421 0.016435 0.031609
45 0.780341 0.570881 0.020860 0.028736
44 0.716814 0.525862 0.018963 0.032567
9 0.594185 0.443966 0.020228 0.029693
10 0.537611 0.407567 0.017067 0.031609
11 0.477560 0.363506 0.024652 0.031609
12 0.423198 0.324234 0.024652 0.031609
43 0.365992 0.285920 0.022756 0.027778
46 0.456384 0.238985 0.025284 0.025862
47 0.514855 0.273467 0.023388 0.035441
48 0.570796 0.311303 0.025284 0.034483
49 0.628319 0.354406 0.021492 0.028736
50 0.718078 0.410441 0.022756 0.025862
51 0.780657 0.452586 0.024020 0.035441
52 0.844817 0.494732 0.022124 0.031609
53 0.905499 0.535441 0.025917 0.028736
26 0.347345 0.165230 0.028445 0.031609
