8 0.416877 0.436782 0.028445 0.057471
32 0.357143 0.399904 0.027813 0.043103
7 0.472503 0.478448 0.028445 0.050766
5 0.531922 0.523467 0.028445 0.048851
6 0.594817 0.559866 0.022756 0.048851
33 0.656448 0.607280 0.023388 0.044061
34 0.718710 0.650862 0.031606 0.046935
35 0.780973 0.695881 0.018331 0.041188
59 0.845765 0.739943 0.029077 0.046935
16 0.586915 0.469349 0.017067 0.032567
37 0.647914 0.510057 0.018963 0.025862
38 0.708597 0.555077 0.016435 0.029693
39 0.772440 0.597701 0.016435 0.026820
40 0.836283 0.642241 0.017699 0.029693
41 0.899810 0.688218 0.018331 0.033525
60 0.913717 0.788314 0.023388 0.047893
15 0.527813 0.434387 0.016435 0.023946
14 0.468710 0.392241 0.017067 0.022031
13 0.411820 0.351054 0.017067 0.023946
36 0.355879 0.310345 0.011378 0.024904
43 0.367257 0.284962 0.016435 0.025862
12 0.422250 0.325192 0.017699 0.027778
11 0.478192 0.365900 0.014539 0.034483
10 0.536346 0.407567 0.017067 0.031609
9 0.595133 0.444444 0.027181 0.032567
44 0.716498 0.524904 0.023388 0.030651
45 0.781922 0.571360 0.016435 0.025862
65 0.844501 0.616858 0.015171 0.040230
66 0.908028 0.658525 0.014539 0.037356
53 0.905815 0.531609 0.021492 0.034483
52 0.841972 0.491858 0.024020 0.033525
51 0.780025 0.453065 0.022756 0.034483
50 0.718710 0.409004 0.018963 0.028736
49 0.632111 0.355843 0.024020 0.033525
48 0.570796 0.311782 0.020228 0.029693
47 0.513906 0.275383 0.020228 0.035441
46 0.457016 0.237548 0.015171 0.026820
26 0.347345 0.165230 0.027181 0.031609
58 0.311315 0.251437 0.015803 0.020115
25 0.288875 0.356801 0.030341 0.046935
24 0.262326 0.436303 0.067004 0.064176
23 0.239570 0.522989 0.042984 0.040230
17 0.180152 0.588123 0.044248 0.038314
18 0.249052 0.641762 0.036662 0.038314
19 0.325221 0.699234 0.038559 0.044061
1 0.335335 0.590517 0.033502 0.052682
2 0.392225 0.637931 0.034766 0.042146
3 0.453856 0.680556 0.030341 0.045019
20 0.517383 0.723180 0.027181 0.044061
21 0.578382 0.769157 0.026549 0.042146
22 0.645070 0.818487 0.028445 0.048851
74 0.709861 0.865421 0.034134 0.052682
77 0.779077 0.903736 0.018331 0.031609
76 0.846713 0.949713 0.019595 0.035441
72 0.833123 0.846743 0.024020 0.055556
31 0.767067 0.798851 0.032238 0.049808
73 0.702592 0.755747 0.024652 0.042146
30 0.640329 0.704502 0.029077 0.046935
29 0.577750 0.663793 0.030341 0.040230
4 0.515171 0.616379 0.027813 0.039272
28 0.455752 0.574713 0.026549 0.040230
27 0.398546 0.532567 0.019595 0.036398
0 0.338180 0.490421 0.025284 0.036398
67 0.974716 0.706897 0.025284 0.026820
61 0.983249 0.821360 0.017067 0.031609
63 0.977876 0.852490 0.016435 0.040230
