1 0.181677 0.355491 0.023810 0.052023
2 0.245859 0.348266 0.027950 0.060694
3 0.313147 0.356936 0.021739 0.060694
20 0.378882 0.355491 0.018634 0.052023
21 0.446687 0.351156 0.021739 0.043353
22 0.511387 0.352601 0.022774 0.057803
74 0.578157 0.348266 0.021739 0.049133
0 0.151139 0.534682 0.022774 0.046243
27 0.216356 0.531792 0.014493 0.063584
28 0.282609 0.537572 0.026915 0.052023
4 0.346791 0.531792 0.022774 0.052023
29 0.415631 0.537572 0.025880 0.057803
30 0.479296 0.539017 0.020704 0.054913
73 0.545031 0.539017 0.019669 0.054913
31 0.607660 0.533237 0.018634 0.066474
72 0.674431 0.534682 0.021739 0.057803
32 0.135093 0.721098 0.023810 0.049133
8 0.204969 0.715318 0.026915 0.060694
7 0.261387 0.712428 0.019669 0.078035
5 0.330228 0.715318 0.026915 0.049133
6 0.396480 0.718208 0.020704 0.049133
33 0.459627 0.721098 0.020704 0.049133
34 0.526915 0.716763 0.022774 0.063584
35 0.591615 0.718208 0.015528 0.060694
59 0.660455 0.719653 0.024845 0.063584
60 0.726190 0.715318 0.017598 0.054913
