8 0.216404 0.417593 0.123262 0.085185
7 0.489342 0.390741 0.096386 0.094444
5 0.737257 0.356944 0.097312 0.093519
6 0.967563 0.323611 0.064875 0.089815
4 0.849398 0.558796 0.086191 0.078704
3 0.774328 0.794444 0.115848 0.096296
2 0.531511 0.833796 0.088044 0.082407
1 0.259963 0.880093 0.112141 0.086111
0 0.092678 0.673148 0.105653 0.098148
12 0.054217 0.178704 0.063948 0.064815
11 0.302595 0.143519 0.076923 0.066667
10 0.555144 0.116204 0.075996 0.069444
9 0.798424 0.082407 0.084337 0.064815
13 0.069509 0.248611 0.070436 0.056481
14 0.316033 0.215278 0.064875 0.060185
15 0.569972 0.180093 0.064875 0.047222
16 0.810009 0.154167 0.075996 0.063889
