32 0.143375 0.819364 0.025880 0.054913
8 0.202899 0.728324 0.022774 0.063584
7 0.257764 0.650289 0.026915 0.069364
5 0.315217 0.550578 0.023810 0.066474
6 0.374224 0.452312 0.032091 0.049133
33 0.425466 0.361272 0.014493 0.046243
34 0.483954 0.270231 0.023810 0.054913
35 0.539855 0.180636 0.015528 0.054913
59 0.599379 0.092486 0.026915 0.063584
0 0.188923 0.947977 0.023810 0.046243
27 0.249482 0.869942 0.022774 0.063584
28 0.305383 0.773121 0.024845 0.060694
4 0.358696 0.680636 0.015528 0.060694
29 0.418737 0.589595 0.023810 0.057803
30 0.475673 0.494220 0.023810 0.069364
73 0.531573 0.395954 0.019669 0.063584
31 0.586439 0.315029 0.027950 0.063584
72 0.643892 0.215318 0.024845 0.049133
2 0.307453 0.975434 0.022774 0.049133
3 0.365942 0.880058 0.025880 0.049133
20 0.422360 0.784682 0.031056 0.060694
21 0.479296 0.702312 0.024845 0.052023
22 0.534161 0.605491 0.026915 0.054913
74 0.593685 0.513006 0.019669 0.060694
77 0.649586 0.420520 0.023810 0.049133
76 0.707039 0.323699 0.016563 0.034682
15 0.262422 0.482659 0.021739 0.040462
14 0.204969 0.582370 0.016563 0.031792
13 0.144928 0.677746 0.016563 0.037572
36 0.088509 0.765896 0.019669 0.034682
