32 0.134576 0.346821 0.024845 0.075145
8 0.201863 0.336705 0.024845 0.066474
7 0.262940 0.339595 0.024845 0.078035
5 0.330228 0.346821 0.024845 0.075145
6 0.396998 0.342486 0.017598 0.060694
33 0.459627 0.338150 0.018634 0.075145
34 0.527950 0.338150 0.018634 0.052023
35 0.590062 0.341040 0.020704 0.057803
59 0.662008 0.339595 0.027950 0.072254
60 0.724638 0.332370 0.018634 0.063584
0 0.150621 0.515896 0.019669 0.054913
27 0.213768 0.521676 0.023810 0.049133
28 0.285197 0.523121 0.023810 0.052023
4 0.346273 0.513006 0.021739 0.078035
29 0.415114 0.523121 0.022774 0.080925
30 0.479814 0.517341 0.030021 0.075145
73 0.543478 0.510116 0.018634 0.066474
31 0.608178 0.521676 0.021739 0.072254
72 0.675466 0.508671 0.015528 0.075145
1 0.181677 0.700867 0.027950 0.072254
2 0.249482 0.705202 0.022774 0.063584
3 0.313665 0.700867 0.020704 0.083815
20 0.379917 0.703757 0.022774 0.066474
21 0.445135 0.699422 0.018634 0.057803
22 0.511387 0.699422 0.018634 0.052023
74 0.578675 0.699422 0.024845 0.057803
77 0.644928 0.689306 0.022774 0.037572
76 0.709110 0.692197 0.014493 0.037572
75 0.773810 0.697977 0.017598 0.066474
19 0.712733 0.913295 0.027950 0.069364
17 0.956522 0.911850 0.053830 0.066474
19 0.214286 0.907514 0.028986 0.069364
17 0.049172 0.906069 0.048654 0.066474
