17 0.050725 0.856936 0.047619 0.066474
19 0.209627 0.852601 0.032091 0.046243
19 0.710663 0.849711 0.021739 0.046243
17 0.956522 0.845376 0.053830 0.066474
0 0.149586 0.462428 0.015528 0.052023
27 0.215321 0.458092 0.018634 0.072254
28 0.279503 0.456647 0.022774 0.069364
4 0.347826 0.463873 0.022774 0.066474
29 0.413561 0.465318 0.025880 0.075145
30 0.478778 0.455202 0.019669 0.054913
73 0.544513 0.453757 0.016563 0.069364
31 0.609731 0.459538 0.024845 0.080925
72 0.673395 0.455202 0.015528 0.054913
1 0.181677 0.643064 0.021739 0.072254
2 0.248965 0.640173 0.023810 0.066474
3 0.313665 0.638728 0.018634 0.052023
20 0.378882 0.638728 0.018634 0.063584
21 0.448758 0.647399 0.023810 0.069364
22 0.513458 0.643064 0.031056 0.060694
74 0.578157 0.644509 0.023810 0.063584
77 0.644410 0.632948 0.019669 0.040462
76 0.708075 0.628613 0.016563 0.031792
75 0.775362 0.638728 0.016563 0.052023
32 0.133023 0.278902 0.025880 0.049133
8 0.201346 0.274566 0.021739 0.063584
7 0.261905 0.274566 0.024845 0.075145
5 0.329710 0.283237 0.021739 0.069364
6 0.399068 0.281792 0.025880 0.060694
33 0.459627 0.273121 0.016563 0.060694
34 0.527433 0.281792 0.017598 0.054913
35 0.589545 0.278902 0.015528 0.054913
59 0.658903 0.273121 0.023810 0.066474
60 0.725673 0.274566 0.016563 0.057803
61 0.789855 0.271676 0.020704 0.063584
62 0.854555 0.271676 0.017598 0.057803
63 0.788820 0.329480 0.020704 0.057803
64 0.853002 0.330925 0.012422 0.060694
36 0.097308 0.153179 0.016563 0.040462
13 0.160455 0.153179 0.016563 0.046243
14 0.228778 0.157514 0.018634 0.043353
15 0.294513 0.151734 0.017598 0.037572
69 0.933230 0.114162 0.054865 0.049133
68 0.824017 0.085260 0.018634 0.037572
67 0.759317 0.072254 0.021739 0.034682
66 0.691511 0.083815 0.014493 0.052023
65 0.624224 0.085260 0.014493 0.043353
40 0.626294 0.154624 0.014493 0.037572
41 0.691511 0.148844 0.014493 0.043353
