0 0.148551 0.463873 0.025880 0.072254
27 0.215321 0.462428 0.016563 0.057803
28 0.280538 0.465318 0.022774 0.086705
4 0.347826 0.459538 0.022774 0.069364
29 0.412526 0.460983 0.021739 0.066474
30 0.478778 0.456647 0.021739 0.057803
73 0.543996 0.456647 0.017598 0.069364
31 0.609731 0.462428 0.024845 0.063584
72 0.674431 0.456647 0.019669 0.057803
32 0.134576 0.281792 0.020704 0.054913
8 0.200828 0.281792 0.026915 0.043353
7 0.261387 0.277457 0.019669 0.075145
5 0.329710 0.287572 0.023810 0.072254
6 0.395963 0.281792 0.015528 0.054913
33 0.460145 0.278902 0.021739 0.072254
34 0.527950 0.281792 0.022774 0.066474
35 0.589027 0.274566 0.014493 0.057803
59 0.660973 0.277457 0.017598 0.063584
60 0.726708 0.277457 0.018634 0.057803
61 0.789855 0.273121 0.012422 0.054913
62 0.855590 0.274566 0.015528 0.052023
63 0.788820 0.325145 0.014493 0.049133
64 0.855072 0.330925 0.020704 0.060694
1 0.180124 0.644509 0.014493 0.063584
2 0.248965 0.641618 0.017598 0.057803
3 0.314182 0.643064 0.019669 0.054913
20 0.379917 0.640173 0.018634 0.066474
21 0.444617 0.644509 0.017598 0.057803
22 0.509834 0.638728 0.017598 0.057803
74 0.579710 0.641618 0.024845 0.069364
77 0.644410 0.635838 0.013458 0.040462
76 0.708592 0.634393 0.013458 0.037572
75 0.774327 0.641618 0.018634 0.046243
17 0.050725 0.848266 0.047619 0.066474
19 0.216356 0.855491 0.033126 0.052023
19 0.712215 0.859827 0.031056 0.049133
17 0.962215 0.851156 0.046584 0.072254
69 0.934265 0.118497 0.054865 0.057803
68 0.821946 0.080925 0.014493 0.034682
67 0.757246 0.072254 0.023810 0.034682
41 0.691511 0.147399 0.010352 0.040462
40 0.625259 0.156069 0.014493 0.034682
66 0.691511 0.088150 0.018634 0.054913
65 0.624741 0.091040 0.017598 0.043353
15 0.295031 0.151734 0.016563 0.037572
10 0.295031 0.089595 0.012422 0.057803
11 0.228778 0.086705 0.018634 0.040462
14 0.227743 0.153179 0.014493 0.040462
12 0.165631 0.088150 0.018634 0.049133
13 0.160455 0.154624 0.014493 0.043353
36 0.095756 0.151734 0.015528 0.037572
43 0.096273 0.086705 0.016563 0.040462
71 0.739130 0.452312 0.012422 0.043353
