32 0.135093 0.284682 0.023810 0.060694
8 0.200311 0.277457 0.023810 0.063584
7 0.264493 0.278902 0.019669 0.072254
5 0.330228 0.280347 0.026915 0.075145
6 0.398551 0.283237 0.022774 0.063584
33 0.462733 0.278902 0.018634 0.049133
34 0.528468 0.280347 0.025880 0.063584
35 0.591097 0.283237 0.018634 0.069364
59 0.660455 0.280347 0.020704 0.057803
60 0.726190 0.281792 0.021739 0.049133
0 0.149068 0.466763 0.018634 0.060694
27 0.216356 0.459538 0.022774 0.052023
28 0.282609 0.462428 0.022774 0.057803
4 0.346791 0.460983 0.020704 0.060694
29 0.413561 0.462428 0.027950 0.069364
30 0.479814 0.455202 0.025880 0.066474
73 0.545549 0.458092 0.020704 0.072254
31 0.606108 0.453757 0.015528 0.057803
72 0.674948 0.456647 0.022774 0.069364
1 0.180642 0.644509 0.017598 0.057803
2 0.248447 0.640173 0.022774 0.060694
3 0.314700 0.645954 0.026915 0.066474
20 0.381470 0.641618 0.027950 0.052023
21 0.445135 0.638728 0.018634 0.069364
22 0.512940 0.640173 0.025880 0.054913
74 0.579193 0.643064 0.027950 0.054913
77 0.641304 0.634393 0.015528 0.043353
76 0.708592 0.630058 0.019669 0.040462
75 0.772774 0.640173 0.019669 0.066474
17 0.957557 0.852601 0.045549 0.063584
19 0.212215 0.855491 0.024845 0.052023
17 0.052795 0.852601 0.047619 0.057803
69 0.934265 0.118497 0.048654 0.028902
68 0.822464 0.080925 0.015528 0.034682
67 0.761387 0.072254 0.025880 0.028902
41 0.691511 0.148844 0.014493 0.043353
40 0.625776 0.154624 0.013458 0.043353
66 0.688923 0.088150 0.017598 0.066474
65 0.624224 0.088150 0.020704 0.066474
15 0.295549 0.148844 0.015528 0.037572
10 0.295549 0.080925 0.025880 0.057803
11 0.229814 0.089595 0.018634 0.046243
14 0.226708 0.156069 0.012422 0.052023
13 0.160455 0.156069 0.016563 0.040462
12 0.165114 0.093931 0.017598 0.043353
36 0.095238 0.156069 0.010352 0.040462
43 0.097308 0.088150 0.010352 0.043353
19 0.712733 0.856936 0.023810 0.054913
71 0.738613 0.453757 0.009317 0.046243
61 0.789337 0.270231 0.017598 0.049133
62 0.855590 0.278902 0.013458 0.054913
63 0.789337 0.329480 0.015528 0.057803
64 0.855590 0.330925 0.019669 0.054913
