32 0.133023 0.280347 0.021739 0.075145
8 0.200311 0.283237 0.021739 0.075145
7 0.262940 0.281792 0.018634 0.066474
5 0.330228 0.281792 0.022774 0.066474
6 0.396480 0.276012 0.028986 0.060694
33 0.461180 0.277457 0.017598 0.057803
34 0.527433 0.270231 0.021739 0.078035
35 0.590062 0.273121 0.012422 0.060694
59 0.660455 0.280347 0.022774 0.069364
60 0.726190 0.277457 0.017598 0.052023
61 0.790373 0.270231 0.021739 0.066474
62 0.855590 0.270231 0.015528 0.060694
63 0.789855 0.336705 0.031056 0.066474
64 0.854555 0.332370 0.034161 0.063584
43 0.096273 0.092486 0.016563 0.052023
36 0.094720 0.153179 0.019669 0.034682
12 0.160973 0.088150 0.021739 0.060694
13 0.166667 0.161850 0.026915 0.052023
11 0.228778 0.079480 0.028986 0.066474
14 0.228778 0.154624 0.012422 0.043353
15 0.297101 0.153179 0.016563 0.052023
10 0.300725 0.082370 0.036232 0.060694
40 0.624224 0.145954 0.016563 0.049133
41 0.689959 0.148844 0.017598 0.037572
65 0.624741 0.088150 0.015528 0.066474
66 0.689959 0.080925 0.013458 0.063584
68 0.822981 0.082370 0.016563 0.043353
67 0.761905 0.070809 0.028986 0.026012
69 0.934783 0.119942 0.053830 0.054913
0 0.150621 0.462428 0.017598 0.057803
27 0.216356 0.466763 0.026915 0.066474
28 0.280538 0.459538 0.020704 0.063584
4 0.347826 0.463873 0.022774 0.066474
29 0.413561 0.460983 0.019669 0.060694
30 0.479296 0.458092 0.024845 0.066474
73 0.545031 0.459538 0.025880 0.069364
31 0.607660 0.458092 0.026915 0.072254
72 0.673395 0.456647 0.019669 0.057803
71 0.739130 0.453757 0.016563 0.034682
1 0.181159 0.641618 0.018634 0.057803
2 0.248965 0.638728 0.021739 0.075145
3 0.312112 0.643064 0.021739 0.060694
20 0.380952 0.640173 0.026915 0.060694
21 0.445135 0.640173 0.016563 0.054913
22 0.510352 0.645954 0.020704 0.066474
74 0.578675 0.640173 0.024845 0.066474
77 0.642857 0.634393 0.018634 0.037572
76 0.709627 0.637283 0.017598 0.043353
75 0.772774 0.635838 0.015528 0.057803
17 0.958075 0.849711 0.054865 0.063584
19 0.711180 0.846821 0.022774 0.063584
19 0.211698 0.851156 0.032091 0.054913
17 0.049689 0.856936 0.047619 0.060694
