32 0.124930 0.550376 0.025154 0.060150
8 0.175797 0.554887 0.029625 0.075188
7 0.229178 0.552632 0.021241 0.085714
5 0.278927 0.554135 0.025713 0.088722
6 0.329514 0.555639 0.024036 0.076692
33 0.379542 0.552632 0.020123 0.064662
34 0.430408 0.551128 0.023477 0.076692
35 0.481554 0.551880 0.017328 0.063158
59 0.534656 0.553383 0.019564 0.069173
60 0.584684 0.557143 0.024595 0.082707
0 0.140581 0.409774 0.025154 0.058647
27 0.189771 0.418045 0.024036 0.054135
28 0.238681 0.415038 0.034656 0.057143
4 0.291224 0.420301 0.024595 0.061654
29 0.341811 0.417293 0.030743 0.052632
30 0.394354 0.413534 0.022918 0.072180
73 0.446059 0.418045 0.023477 0.063158
31 0.495808 0.413534 0.024595 0.066165
72 0.546115 0.412030 0.023477 0.066165
1 0.162661 0.279699 0.024595 0.072180
2 0.212409 0.276692 0.025713 0.069173
3 0.265232 0.279699 0.029625 0.060150
20 0.315260 0.275188 0.025713 0.078195
21 0.368083 0.276692 0.025154 0.066165
22 0.421744 0.281203 0.029625 0.075188
74 0.472331 0.275940 0.021241 0.064662
76 0.525992 0.293233 0.013415 0.042105
77 0.574902 0.296241 0.013974 0.033083
75 0.626607 0.297744 0.015651 0.036090
23 0.722750 0.288722 0.059251 0.066165
17 0.755450 0.140602 0.038569 0.055639
18 0.623812 0.142105 0.031302 0.055639
19 0.558692 0.137594 0.027390 0.043609
19 0.188373 0.135338 0.031302 0.045113
18 0.123812 0.141353 0.030743 0.039098
17 0.055059 0.142105 0.041923 0.043609
23 0.076020 0.281955 0.058133 0.067669
24 0.068195 0.415789 0.062605 0.043609
25 0.064282 0.554135 0.029067 0.037594
26 0.051146 0.886466 0.028508 0.040602
46 0.153158 0.884211 0.020123 0.063158
47 0.204304 0.882707 0.017328 0.039098
48 0.252935 0.888722 0.028508 0.045113
49 0.305478 0.881955 0.026272 0.040602
50 0.381778 0.882707 0.024595 0.045113
51 0.433203 0.884211 0.020123 0.045113
52 0.483510 0.887218 0.019005 0.045113
53 0.534656 0.882707 0.022918 0.048120
54 0.608440 0.884211 0.024036 0.039098
55 0.660145 0.886466 0.029067 0.046617
56 0.710453 0.883459 0.022359 0.040602
57 0.760760 0.881955 0.029067 0.043609
82 0.856903 0.684211 0.025713 0.042105
83 0.859139 0.552632 0.031302 0.055639
80 0.908888 0.548120 0.025713 0.043609
81 0.910006 0.687218 0.035774 0.054135
79 0.960034 0.690977 0.035215 0.100752
78 0.960593 0.548120 0.036333 0.082707
73 0.911403 0.413534 0.026272 0.081203
4 0.859978 0.418797 0.022918 0.079699
