32 0.164058 0.952632 0.029625 0.052632
8 0.208776 0.887218 0.028508 0.066165
7 0.256847 0.821053 0.028508 0.075188
5 0.301006 0.751128 0.030743 0.058647
6 0.341252 0.675940 0.022918 0.055639
33 0.385411 0.609774 0.020682 0.061654
34 0.430408 0.539098 0.024595 0.061654
35 0.476523 0.477444 0.018446 0.064662
59 0.519285 0.406767 0.023477 0.061654
60 0.562605 0.339098 0.026272 0.061654
27 0.246786 0.979699 0.021800 0.040602
28 0.292063 0.924812 0.025154 0.066165
4 0.334265 0.848872 0.025713 0.061654
29 0.380380 0.787970 0.022918 0.069173
30 0.423700 0.713534 0.024595 0.052632
73 0.470095 0.643609 0.022359 0.069173
31 0.512577 0.576692 0.029067 0.067669
72 0.557015 0.518045 0.027390 0.049624
20 0.382337 0.935338 0.030184 0.051128
21 0.428452 0.869925 0.022918 0.046617
22 0.472610 0.792481 0.026272 0.090226
74 0.518726 0.732331 0.036892 0.069173
77 0.559251 0.638346 0.020682 0.049624
76 0.602851 0.575188 0.020682 0.049624
75 0.647568 0.496992 0.013974 0.049624
19 0.618222 0.727820 0.033538 0.057143
18 0.672722 0.639098 0.030743 0.048120
17 0.787311 0.463910 0.041923 0.052632
23 0.733650 0.389474 0.048631 0.066165
4 0.822806 0.090226 0.031302 0.060150
73 0.872834 0.028571 0.020682 0.054135
36 0.123812 0.889474 0.013974 0.043609
13 0.169927 0.826316 0.023477 0.031579
14 0.214086 0.752632 0.020123 0.043609
15 0.257127 0.687970 0.015651 0.040602
16 0.300727 0.616541 0.019005 0.042105
37 0.343767 0.545113 0.015651 0.040602
38 0.389883 0.476692 0.018446 0.033083
39 0.434600 0.408271 0.015092 0.043609
40 0.477082 0.339098 0.015092 0.037594
41 0.522079 0.277444 0.019005 0.040602
67 0.559810 0.170677 0.022918 0.037594
68 0.604248 0.100752 0.016769 0.036090
61 0.604248 0.245865 0.012297 0.037594
62 0.648127 0.178947 0.009503 0.039098
63 0.612353 0.290977 0.020682 0.037594
64 0.655115 0.218045 0.021241 0.033083
26 0.039687 0.773684 0.036892 0.049624
46 0.127446 0.635338 0.025713 0.034586
47 0.171604 0.568421 0.024595 0.057143
48 0.216042 0.493233 0.026272 0.057143
49 0.259642 0.427820 0.020682 0.049624
50 0.324203 0.321053 0.023477 0.052632
51 0.368642 0.250376 0.024036 0.070677
52 0.413080 0.184211 0.020123 0.049624
53 0.457518 0.119549 0.020682 0.049624
54 0.520402 0.016541 0.033538 0.030075
69 0.672443 0.038346 0.059251 0.073684
