46 0.154556 0.142857 0.017328 0.060150
47 0.204584 0.137594 0.021241 0.049624
48 0.256847 0.142857 0.020682 0.063158
49 0.307155 0.139850 0.015092 0.036090
50 0.381778 0.140602 0.021241 0.049624
51 0.432085 0.139098 0.022359 0.040602
52 0.482951 0.140602 0.024595 0.037594
53 0.534936 0.140602 0.023477 0.037594
54 0.610117 0.139850 0.020682 0.054135
55 0.660425 0.143609 0.025154 0.046617
56 0.711571 0.142857 0.019005 0.042105
57 0.762996 0.140602 0.021241 0.043609
36 0.101453 0.360902 0.013974 0.042105
32 0.126607 0.478947 0.024036 0.082707
8 0.175797 0.475940 0.030743 0.079699
7 0.228340 0.479699 0.026272 0.087218
5 0.278927 0.473684 0.022359 0.066165
6 0.329793 0.474436 0.020123 0.073684
33 0.380660 0.476692 0.022359 0.072180
34 0.432364 0.474436 0.019564 0.061654
35 0.483510 0.478947 0.016769 0.067669
59 0.534377 0.475940 0.024595 0.070677
60 0.585243 0.473684 0.023477 0.072180
0 0.138904 0.615038 0.030743 0.069173
27 0.190050 0.610526 0.023477 0.069173
28 0.240917 0.610526 0.026831 0.063158
4 0.291504 0.614286 0.020682 0.067669
29 0.342929 0.614286 0.025154 0.082707
30 0.395472 0.616541 0.027390 0.072180
73 0.446059 0.609774 0.024595 0.073684
31 0.497485 0.612782 0.023477 0.076692
72 0.547792 0.614286 0.023477 0.067669
71 0.600056 0.590977 0.019564 0.042105
41 0.560369 0.362406 0.015092 0.045113
1 0.163220 0.751128 0.026831 0.070677
2 0.215484 0.750376 0.020682 0.075188
3 0.265232 0.750376 0.029625 0.084211
20 0.316937 0.750376 0.024595 0.069173
21 0.367803 0.749624 0.019005 0.058647
22 0.420067 0.752632 0.027390 0.073684
74 0.471772 0.752632 0.025713 0.076692
23 0.079933 0.748872 0.052543 0.048120
17 0.055338 0.889474 0.042482 0.061654
18 0.123253 0.888722 0.028508 0.048120
19 0.187814 0.886466 0.027949 0.055639
24 0.067915 0.614286 0.062046 0.052632
25 0.062605 0.475188 0.023477 0.036090
26 0.050587 0.143609 0.025154 0.031579
19 0.558971 0.887970 0.022359 0.040602
18 0.625489 0.888722 0.025713 0.036090
17 0.756568 0.888722 0.036333 0.048120
23 0.718558 0.747368 0.044159 0.048120
69 0.739519 0.339098 0.065959 0.043609
4 0.856344 0.612782 0.023477 0.064662
73 0.911403 0.617293 0.022918 0.073684
