32 0.126607 0.451880 0.022918 0.076692
8 0.177473 0.448120 0.026272 0.078195
7 0.228340 0.448872 0.020682 0.067669
5 0.279486 0.448120 0.023477 0.066165
6 0.330632 0.445865 0.019564 0.061654
33 0.382057 0.445865 0.021800 0.067669
34 0.432364 0.446617 0.024036 0.072180
35 0.484349 0.450376 0.017328 0.064662
59 0.534656 0.448120 0.019564 0.063158
60 0.584405 0.446617 0.020682 0.063158
0 0.138625 0.584211 0.024595 0.061654
27 0.188932 0.590226 0.021241 0.070677
28 0.240637 0.587218 0.021800 0.073684
4 0.290106 0.581203 0.024595 0.076692
29 0.342929 0.584962 0.022918 0.063158
30 0.394913 0.581203 0.024036 0.061654
73 0.446339 0.584211 0.022918 0.067669
31 0.496646 0.581955 0.022918 0.066165
72 0.547513 0.583459 0.024036 0.078195
1 0.162102 0.717293 0.030184 0.069173
2 0.214645 0.718797 0.022359 0.066165
3 0.265232 0.718797 0.024036 0.069173
20 0.317775 0.718797 0.025154 0.066165
21 0.369201 0.721053 0.022918 0.064662
22 0.421185 0.720301 0.024036 0.063158
74 0.472890 0.719549 0.025713 0.067669
19 0.187814 0.857143 0.027949 0.042105
18 0.123533 0.856391 0.022359 0.046617
17 0.056456 0.854887 0.038010 0.043609
23 0.082448 0.721053 0.037451 0.043609
24 0.069592 0.585714 0.063164 0.040602
25 0.064282 0.445113 0.023477 0.045113
26 0.050587 0.113534 0.025154 0.034586
4 0.859139 0.578947 0.020123 0.075188
73 0.908608 0.581955 0.028508 0.075188
46 0.153997 0.112782 0.021800 0.036090
47 0.204304 0.111278 0.019564 0.042105
48 0.254891 0.111278 0.020123 0.039098
49 0.304639 0.113534 0.021241 0.037594
50 0.381219 0.112030 0.021241 0.043609
51 0.431526 0.110526 0.020123 0.037594
52 0.482392 0.109774 0.022359 0.048120
53 0.534656 0.112030 0.018446 0.031579
54 0.608999 0.112782 0.022918 0.036090
55 0.661822 0.114286 0.025713 0.045113
56 0.711571 0.112782 0.020123 0.042105
57 0.762437 0.112782 0.024595 0.033083
19 0.559810 0.860150 0.027390 0.048120
18 0.625210 0.854135 0.030743 0.048120
17 0.756847 0.858647 0.035774 0.042105
23 0.721073 0.721053 0.039128 0.040602
69 0.739240 0.311278 0.065400 0.042105
59 0.562046 0.336842 0.018446 0.042105
40 0.511179 0.331579 0.020682 0.040602
39 0.458636 0.334586 0.016210 0.034586
38 0.410565 0.331579 0.016210 0.034586
37 0.358021 0.338346 0.015092 0.042105
16 0.308832 0.333083 0.020682 0.043609
15 0.254612 0.333835 0.017328 0.045113
14 0.203466 0.333835 0.013415 0.033083
13 0.154556 0.335338 0.017328 0.042105
36 0.102292 0.328571 0.010061 0.037594
