0 0.090361 0.656481 0.104727 0.098148
1 0.271084 0.858333 0.110287 0.096296
2 0.532437 0.821296 0.102873 0.088889
3 0.796571 0.777778 0.132530 0.100000
4 0.854032 0.550463 0.076923 0.100926
6 0.957831 0.299537 0.084337 0.086111
5 0.733086 0.329167 0.124189 0.084259
7 0.479147 0.366204 0.100093 0.102778
8 0.211770 0.400463 0.143652 0.089815
13 0.071826 0.236111 0.069509 0.075926
14 0.313716 0.199537 0.067655 0.063889
15 0.567192 0.167593 0.079703 0.053704
16 0.804449 0.133333 0.090825 0.066667
12 0.059778 0.158333 0.076923 0.057407
11 0.305839 0.121759 0.083411 0.056481
10 0.542169 0.096296 0.075996 0.066667
9 0.795181 0.063889 0.075996 0.061111
