32 0.127166 0.449624 0.026272 0.069173
8 0.178312 0.448872 0.027949 0.073684
7 0.228619 0.452632 0.021241 0.060150
5 0.279486 0.448120 0.021241 0.069173
6 0.330632 0.448120 0.022918 0.072180
33 0.382057 0.448120 0.024036 0.057143
34 0.431526 0.445865 0.023477 0.058647
35 0.483231 0.447368 0.012856 0.055639
59 0.534377 0.445865 0.019005 0.067669
60 0.584125 0.448872 0.021241 0.067669
0 0.137507 0.581955 0.026831 0.057143
27 0.190050 0.583459 0.022359 0.060150
28 0.241196 0.589474 0.021800 0.063158
4 0.291783 0.580451 0.021241 0.063158
29 0.344326 0.590226 0.022359 0.070677
30 0.395752 0.588722 0.024595 0.061654
73 0.446618 0.581955 0.029067 0.057143
31 0.496367 0.582707 0.021241 0.070677
72 0.548910 0.587218 0.027949 0.067669
1 0.162661 0.718045 0.026831 0.073684
2 0.213527 0.720301 0.023477 0.057143
3 0.264952 0.721053 0.026831 0.064662
20 0.318334 0.723308 0.026272 0.075188
21 0.368362 0.721805 0.024595 0.060150
22 0.420347 0.722556 0.023477 0.070677
74 0.473728 0.721805 0.026272 0.066165
25 0.064561 0.450376 0.028508 0.055639
24 0.068195 0.581955 0.062605 0.036090
23 0.081889 0.721053 0.046395 0.049624
17 0.056177 0.858647 0.035215 0.045113
18 0.123533 0.858647 0.026831 0.036090
19 0.188094 0.857143 0.021800 0.042105
26 0.051146 0.111278 0.024036 0.039098
19 0.559530 0.859398 0.024595 0.037594
18 0.625769 0.857895 0.024036 0.034586
17 0.757686 0.859398 0.035215 0.040602
23 0.720235 0.718797 0.043041 0.042105
69 0.739240 0.315038 0.064282 0.043609
4 0.857462 0.580451 0.019005 0.057143
73 0.911124 0.586466 0.021241 0.063158
46 0.153717 0.110526 0.015651 0.043609
47 0.203745 0.114286 0.021800 0.036090
48 0.254053 0.114286 0.019564 0.030075
49 0.306037 0.113534 0.020682 0.037594
50 0.381219 0.112782 0.020123 0.033083
51 0.431805 0.114286 0.020682 0.036090
52 0.483510 0.114286 0.016769 0.033083
53 0.534656 0.113534 0.020682 0.031579
54 0.610117 0.111278 0.018446 0.039098
55 0.659866 0.111278 0.021800 0.030075
56 0.711850 0.113534 0.019564 0.043609
57 0.762996 0.112030 0.023477 0.034586
