32 0.126328 0.446617 0.022359 0.072180
8 0.176914 0.445113 0.025154 0.060150
7 0.229178 0.448872 0.022359 0.064662
5 0.278927 0.448872 0.024595 0.067669
6 0.331470 0.442105 0.015651 0.051128
33 0.383175 0.447368 0.021800 0.061654
34 0.433482 0.450376 0.027390 0.067669
35 0.482392 0.448872 0.013415 0.055639
59 0.533538 0.445865 0.024036 0.061654
60 0.585802 0.448872 0.019005 0.067669
0 0.138625 0.584962 0.022359 0.063158
27 0.190609 0.584211 0.021241 0.070677
28 0.238960 0.577444 0.026272 0.078195
4 0.291224 0.584211 0.020123 0.067669
29 0.342929 0.585714 0.020682 0.058647
30 0.394634 0.580451 0.020123 0.060150
73 0.446059 0.585714 0.022359 0.064662
31 0.496926 0.581203 0.020123 0.061654
72 0.548631 0.588722 0.020682 0.061654
1 0.162940 0.724060 0.026272 0.073684
2 0.214645 0.717293 0.023477 0.063158
3 0.264952 0.718045 0.020123 0.061654
20 0.318055 0.721053 0.025713 0.070677
21 0.368921 0.719549 0.022359 0.061654
22 0.420626 0.723308 0.024036 0.063158
74 0.473169 0.718797 0.027390 0.054135
25 0.064282 0.445865 0.022359 0.040602
24 0.068474 0.582707 0.060928 0.031579
23 0.081610 0.717293 0.034656 0.033083
17 0.057015 0.857895 0.032420 0.034586
18 0.123533 0.854135 0.024595 0.033083
19 0.188653 0.859398 0.020682 0.025564
19 0.559530 0.858647 0.020123 0.030075
18 0.624930 0.856391 0.021241 0.028571
17 0.757406 0.859398 0.033538 0.031579
23 0.721353 0.718797 0.036333 0.027068
69 0.738401 0.312782 0.063723 0.033083
4 0.858301 0.582707 0.019564 0.055639
73 0.909167 0.583459 0.020682 0.057143
26 0.050028 0.113534 0.024036 0.034586
