32 0.125489 0.448872 0.018446 0.049624
8 0.178032 0.447368 0.020682 0.049624
7 0.228060 0.444361 0.019005 0.052632
5 0.280045 0.448872 0.021241 0.061654
6 0.330911 0.442105 0.016769 0.054135
33 0.381778 0.447368 0.015651 0.055639
34 0.432364 0.442857 0.020682 0.052632
35 0.484349 0.444361 0.015092 0.055639
59 0.534377 0.444361 0.020123 0.058647
60 0.586641 0.448120 0.018446 0.054135
0 0.138345 0.584962 0.022918 0.060150
27 0.189491 0.585714 0.020123 0.061654
28 0.241476 0.585714 0.019005 0.061654
4 0.291224 0.584962 0.017887 0.057143
29 0.343488 0.583459 0.019564 0.057143
30 0.394913 0.583459 0.020682 0.057143
73 0.446339 0.582707 0.019564 0.052632
31 0.497485 0.581955 0.020123 0.057143
72 0.547792 0.584211 0.020123 0.061654
1 0.162661 0.718045 0.025713 0.058647
2 0.213807 0.719549 0.019564 0.052632
3 0.265791 0.721053 0.021800 0.058647
20 0.317216 0.721053 0.020682 0.058647
21 0.368642 0.724060 0.022918 0.058647
22 0.421185 0.722556 0.018446 0.055639
74 0.472610 0.722556 0.020682 0.058647
17 0.057295 0.860902 0.034097 0.034586
18 0.123533 0.857895 0.023477 0.031579
19 0.188373 0.856391 0.020123 0.031579
23 0.081610 0.721053 0.038010 0.028571
24 0.069312 0.581955 0.063723 0.030075
25 0.063723 0.445113 0.025713 0.042105
26 0.051705 0.114286 0.026272 0.030075
19 0.560648 0.860150 0.023477 0.036090
18 0.624930 0.857895 0.023477 0.037594
17 0.756568 0.860150 0.038569 0.036090
23 0.721912 0.718045 0.035215 0.037594
69 0.738960 0.312782 0.062605 0.030075
4 0.858580 0.581203 0.014533 0.049624
73 0.909447 0.585714 0.019005 0.061654
