8 0.229028 0.428365 0.013316 0.028944
7 0.263316 0.450072 0.011318 0.026049
5 0.300599 0.476122 0.012650 0.023155
6 0.335885 0.500724 0.011318 0.023155
33 0.371838 0.525326 0.012650 0.028944
34 0.407457 0.550651 0.013316 0.024602
35 0.441079 0.572359 0.008655 0.018813
32 0.191079 0.400145 0.011984 0.021708
0 0.215379 0.334298 0.012650 0.028944
27 0.250333 0.358900 0.010652 0.026049
28 0.288615 0.385673 0.008655 0.027496
4 0.322903 0.410275 0.007989 0.027496
29 0.361518 0.438495 0.010652 0.023155
30 0.395473 0.460926 0.013316 0.021708
73 0.431758 0.486252 0.008655 0.026049
31 0.466378 0.511577 0.012650 0.021708
72 0.501332 0.533285 0.010652 0.021708
59 0.477364 0.597685 0.011984 0.020260
60 0.510320 0.620839 0.011318 0.023155
1 0.249334 0.281476 0.013981 0.030391
2 0.284621 0.303907 0.011318 0.026049
3 0.322570 0.329957 0.012650 0.026049
20 0.358189 0.359624 0.010652 0.027496
21 0.394474 0.382779 0.012650 0.024602
22 0.430426 0.408828 0.011318 0.024602
74 0.466711 0.431259 0.009321 0.023155
19 0.274634 0.205499 0.012650 0.020260
17 0.186085 0.138929 0.028628 0.031838
17 0.682091 0.498553 0.024634 0.027496
0 0.546937 0.403039 0.013981 0.021708
