32 0.255326 0.921129 0.012650 0.024602
8 0.281957 0.856729 0.016644 0.026049
7 0.306924 0.798119 0.007989 0.030391
5 0.334221 0.735890 0.018642 0.024602
6 0.357523 0.674385 0.007989 0.023155
33 0.381491 0.614327 0.011984 0.024602
34 0.407124 0.555716 0.011318 0.020260
35 0.430759 0.500724 0.007989 0.017366
59 0.457390 0.437771 0.013316 0.024602
60 0.479694 0.382779 0.012650 0.021708
0 0.291278 0.952243 0.015313 0.026049
27 0.316245 0.891462 0.010652 0.026049
28 0.342876 0.828509 0.013316 0.027496
4 0.366178 0.766281 0.010652 0.024602
29 0.393475 0.701158 0.011984 0.021708
30 0.418442 0.643994 0.013981 0.023155
73 0.443076 0.584660 0.011318 0.026049
31 0.468375 0.524602 0.012650 0.027496
72 0.493009 0.468162 0.013981 0.021708
22 0.331225 0.963821 0.015313 0.023155
2 0.357190 0.901592 0.012650 0.020260
3 0.384154 0.837916 0.010652 0.026049
20 0.409121 0.774240 0.012650 0.026049
21 0.434754 0.712012 0.010652 0.023155
22 0.459720 0.653401 0.013981 0.021708
74 0.486352 0.591896 0.012650 0.026049
26 0.151798 0.907381 0.019973 0.034732
17 0.657124 0.302460 0.023968 0.040521
19 0.564581 0.534732 0.018642 0.027496
