8 0.229028 0.599855 0.019973 0.027496
7 0.262317 0.577424 0.011984 0.037627
5 0.300599 0.553546 0.013981 0.036179
6 0.335220 0.524602 0.015313 0.021708
33 0.370839 0.500000 0.013316 0.027496
34 0.406125 0.478292 0.014647 0.024602
35 0.440413 0.456585 0.009987 0.027496
59 0.476698 0.429812 0.013316 0.026049
60 0.510320 0.405933 0.011318 0.024602
32 0.191079 0.628075 0.013316 0.028944
0 0.213715 0.692475 0.010652 0.024602
27 0.250333 0.667873 0.011984 0.024602
28 0.287949 0.642547 0.013981 0.023155
4 0.323569 0.615774 0.013316 0.027496
29 0.361851 0.590449 0.012650 0.023155
30 0.396471 0.565123 0.013981 0.018813
73 0.430759 0.538350 0.010652 0.026049
31 0.466045 0.516643 0.010652 0.023155
72 0.501332 0.494211 0.015979 0.027496
1 0.248336 0.750362 0.014647 0.027496
2 0.284288 0.720695 0.011984 0.023155
3 0.321571 0.696093 0.010652 0.020260
20 0.357856 0.669320 0.017976 0.024602
21 0.394807 0.643994 0.010652 0.023155
22 0.429427 0.617945 0.013316 0.026049
74 0.466045 0.594067 0.014647 0.018813
19 0.274967 0.825615 0.015979 0.021708
17 0.185752 0.890014 0.035952 0.037627
26 0.104527 0.504342 0.018642 0.027496
19 0.546605 0.624457 0.017310 0.021708
17 0.680426 0.528944 0.025300 0.033285
83 0.676099 0.303907 0.021971 0.017366
80 0.706724 0.282200 0.017976 0.026049
78 0.740013 0.260492 0.017976 0.023155
79 0.724035 0.196093 0.021971 0.024602
81 0.690746 0.217077 0.019308 0.023155
82 0.659787 0.238784 0.019973 0.020260
