12 0.055607 0.158333 0.070436 0.064815
13 0.068119 0.231481 0.060241 0.062963
11 0.304449 0.125926 0.058387 0.064815
14 0.319741 0.196759 0.072289 0.060185
10 0.547729 0.096759 0.061168 0.065741
15 0.570899 0.163426 0.079703 0.058333
9 0.793327 0.061574 0.075996 0.062037
16 0.809082 0.131481 0.066728 0.061111
8 0.218258 0.400463 0.136237 0.099074
7 0.484245 0.369907 0.095459 0.091667
5 0.733550 0.334259 0.101019 0.085185
6 0.964782 0.304167 0.070436 0.082407
4 0.850324 0.543056 0.084337 0.080556
0 0.093605 0.655556 0.100093 0.083333
1 0.271084 0.862500 0.112141 0.091667
2 0.535681 0.815278 0.100093 0.078704
3 0.790083 0.782870 0.089898 0.080556
