32 0.083290 0.573149 0.022905 0.029438
8 0.121812 0.533452 0.018740 0.023194
7 0.159813 0.502676 0.022905 0.033006
5 0.197033 0.467886 0.020302 0.033006
6 0.231390 0.425513 0.016137 0.024978
33 0.267309 0.388492 0.018220 0.027654
34 0.304529 0.352810 0.018740 0.020517
35 0.340187 0.320696 0.020302 0.027654
59 0.379490 0.279661 0.013535 0.022302
60 0.415148 0.242194 0.011973 0.025870
0 0.114784 0.628903 0.016137 0.026762
27 0.150963 0.592774 0.014576 0.029438
28 0.189485 0.555308 0.020822 0.031222
4 0.224623 0.517841 0.015096 0.022302
29 0.262363 0.479929 0.014576 0.030330
30 0.299063 0.442462 0.017179 0.032114
73 0.338365 0.411240 0.018740 0.024978
31 0.373764 0.369759 0.020822 0.027654
72 0.410463 0.336753 0.018220 0.031222
1 0.155648 0.670830 0.016658 0.019625
2 0.191567 0.635593 0.015617 0.018733
3 0.228006 0.599465 0.017699 0.026762
20 0.263665 0.562890 0.011973 0.028546
21 0.301926 0.524978 0.018740 0.020517
22 0.339667 0.490187 0.021343 0.022302
74 0.376106 0.451383 0.018220 0.024978
17 0.608537 0.318020 0.034357 0.033006
19 0.458876 0.466994 0.016137 0.024086
19 0.191046 0.731044 0.013535 0.016949
17 0.102811 0.818466 0.027590 0.027654
36 0.748048 0.083408 0.014576 0.024086
13 0.785008 0.048171 0.015617 0.023194
15 0.728787 0.019625 0.021864 0.021409
80 0.410984 0.913024 0.022384 0.022302
78 0.450286 0.872435 0.029151 0.026762
78 0.346174 0.895183 0.034357 0.024086
19 0.461999 0.942908 0.019261 0.017841
17 0.425039 0.977698 0.024466 0.026762
80 0.170484 0.900089 0.023425 0.017841
