32 0.117907 0.209188 0.015096 0.033006
8 0.163457 0.204282 0.015617 0.026762
7 0.201458 0.204728 0.018740 0.031222
5 0.245445 0.206066 0.017179 0.028546
6 0.288391 0.206958 0.013535 0.026762
33 0.330817 0.202052 0.013014 0.029438
34 0.374545 0.203836 0.015096 0.025870
35 0.413066 0.206512 0.011973 0.024086
59 0.458876 0.205174 0.015096 0.028546
60 0.503123 0.206958 0.015096 0.028546
0 0.130141 0.280553 0.009370 0.022302
27 0.171786 0.278769 0.011452 0.020517
28 0.214211 0.278769 0.016137 0.029438
4 0.256377 0.276093 0.015096 0.027654
29 0.299063 0.279215 0.015096 0.023194
30 0.342270 0.278769 0.011973 0.022302
73 0.384695 0.279215 0.013535 0.026762
31 0.426861 0.278323 0.015617 0.030330
72 0.469807 0.279661 0.015096 0.025870
1 0.152264 0.351918 0.017179 0.022302
2 0.192608 0.350580 0.017699 0.028546
3 0.236596 0.351472 0.018220 0.030330
20 0.279542 0.352364 0.014576 0.032114
21 0.320927 0.352364 0.017179 0.023194
22 0.363352 0.351026 0.014576 0.029438
74 0.406559 0.351026 0.016658 0.025870
19 0.164758 0.436218 0.013014 0.021409
17 0.064029 0.436664 0.028110 0.022302
17 0.648100 0.437110 0.031234 0.024978
80 0.748048 0.215879 0.020822 0.026762
36 0.838365 0.354148 0.015096 0.035682
13 0.880531 0.354594 0.014055 0.024086
14 0.921655 0.350580 0.016137 0.028546
37 0.922957 0.280107 0.012493 0.032114
15 0.837064 0.278323 0.014576 0.019625
16 0.878188 0.276985 0.015617 0.029438
38 0.836283 0.204728 0.014055 0.031222
39 0.881832 0.207404 0.017699 0.027654
40 0.921916 0.207404 0.012493 0.022302
41 0.836804 0.427743 0.013014 0.024086
