17 0.161341 0.254063 0.102884 0.053088
18 0.368277 0.251354 0.081839 0.049837
19 0.581060 0.250813 0.078722 0.063922
23 0.247077 0.443120 0.107560 0.039003
1 0.511691 0.425244 0.050663 0.061755
2 0.670304 0.428494 0.051442 0.059588
3 0.835542 0.421993 0.048324 0.061755
0 0.425955 0.586674 0.047545 0.063922
27 0.583009 0.591549 0.045207 0.058505
28 0.745518 0.593716 0.045986 0.056338
4 0.903741 0.587757 0.044427 0.055255
32 0.385814 0.751896 0.053001 0.065005
8 0.537023 0.751354 0.059236 0.057421
7 0.695635 0.747562 0.042868 0.067172
5 0.851130 0.751896 0.046765 0.069339
25 0.187451 0.747562 0.091193 0.052004
24 0.205378 0.593174 0.184723 0.037920
20 0.987140 0.420368 0.025721 0.067172
