26 0.051052 0.394908 0.084957 0.059588
25 0.138737 0.502167 0.063913 0.070423
24 0.209665 0.619718 0.166797 0.140845
23 0.298909 0.726977 0.092751 0.088841
17 0.291504 0.951788 0.098207 0.066089
18 0.476617 0.804984 0.077163 0.078007
19 0.662120 0.659805 0.074045 0.080173
32 0.307872 0.362947 0.062354 0.060672
8 0.434918 0.250271 0.071707 0.084507
7 0.580281 0.150054 0.058457 0.076923
5 0.710055 0.038462 0.057677 0.070423
0 0.403741 0.473998 0.051442 0.057421
27 0.538192 0.366197 0.056898 0.067172
28 0.674981 0.251896 0.048324 0.068256
4 0.812159 0.143012 0.048324 0.067172
1 0.537412 0.561755 0.056898 0.063922
2 0.674591 0.438245 0.063133 0.079090
3 0.819564 0.328819 0.056898 0.072589
20 0.949337 0.216685 0.046765 0.073673
