26 0.152377 0.122969 0.070928 0.044420
25 0.187062 0.268147 0.079501 0.050921
24 0.204209 0.426869 0.191738 0.058505
23 0.243570 0.579090 0.108340 0.035753
17 0.160171 0.770856 0.105222 0.048754
18 0.367888 0.768147 0.077942 0.043337
19 0.577942 0.769231 0.080281 0.045504
1 0.507405 0.598592 0.048324 0.068256
2 0.670694 0.588841 0.053780 0.068256
3 0.833983 0.599133 0.059236 0.069339
20 0.983242 0.586674 0.033515 0.068256
0 0.426734 0.431744 0.049104 0.048754
27 0.581060 0.430661 0.058457 0.063922
28 0.742401 0.425785 0.049104 0.054171
4 0.902182 0.432828 0.041309 0.057421
32 0.383087 0.274106 0.053780 0.062839
8 0.537802 0.269772 0.068589 0.071506
7 0.693687 0.277356 0.051442 0.075840
5 0.848402 0.264897 0.053780 0.066089
