12 0.056534 0.156481 0.068582 0.061111
11 0.302595 0.121759 0.069509 0.056481
10 0.551437 0.103241 0.051900 0.060185
9 0.797034 0.069444 0.088971 0.055556
13 0.068582 0.230093 0.061168 0.058333
14 0.312326 0.196296 0.064875 0.061111
15 0.569509 0.167130 0.078777 0.060185
16 0.806302 0.135648 0.064875 0.060185
8 0.222428 0.402778 0.135310 0.085185
7 0.484245 0.364352 0.080630 0.091667
5 0.739574 0.339352 0.103800 0.080556
6 0.966172 0.306944 0.067655 0.086111
0 0.083411 0.655093 0.107507 0.080556
4 0.850324 0.542130 0.082484 0.078704
3 0.782206 0.774537 0.094532 0.078704
2 0.535218 0.823611 0.089898 0.086111
1 0.272011 0.863889 0.117702 0.090741
