0 0.424786 0.412243 0.053001 0.074756
27 0.581839 0.408451 0.047545 0.062839
28 0.744349 0.405742 0.051442 0.050921
4 0.899065 0.408992 0.049104 0.068256
1 0.509743 0.576381 0.042089 0.060672
2 0.673422 0.569881 0.046765 0.054171
3 0.838659 0.574215 0.054560 0.082340
20 0.987140 0.565005 0.025721 0.053088
19 0.581450 0.752979 0.074825 0.045504
18 0.369057 0.753521 0.077163 0.048754
17 0.159392 0.747562 0.098987 0.041170
23 0.248246 0.561213 0.102104 0.043337
24 0.202260 0.405200 0.184723 0.047671
25 0.186282 0.252979 0.068589 0.037920
26 0.152767 0.096425 0.070148 0.039003
32 0.381917 0.251354 0.051442 0.058505
8 0.536633 0.243229 0.060016 0.057421
7 0.694076 0.252438 0.042868 0.067172
5 0.852689 0.245395 0.065472 0.070423
