0 0.422837 0.407367 0.053780 0.056338
27 0.581450 0.408451 0.048324 0.049837
28 0.750974 0.411159 0.067810 0.063922
4 0.898675 0.410618 0.046765 0.062839
1 0.512471 0.574215 0.052221 0.058505
2 0.670694 0.569339 0.047545 0.057421
3 0.833593 0.580173 0.058457 0.061755
20 0.981294 0.567714 0.037412 0.065005
32 0.383866 0.249729 0.045986 0.061755
8 0.537023 0.246479 0.067030 0.059588
7 0.694076 0.256230 0.038192 0.063922
5 0.850351 0.249187 0.046765 0.060672
24 0.204988 0.401408 0.194856 0.048754
23 0.242790 0.557963 0.116134 0.036836
17 0.160171 0.745937 0.097428 0.044420
18 0.368277 0.745937 0.072486 0.044420
19 0.579111 0.746479 0.063913 0.041170
25 0.188231 0.249729 0.077163 0.037920
26 0.151598 0.096966 0.061574 0.042254
