0 0.423227 0.406826 0.042089 0.057421
27 0.579111 0.414410 0.049883 0.066089
28 0.742790 0.410076 0.048324 0.066089
4 0.903741 0.410076 0.041309 0.061755
1 0.512081 0.578007 0.045207 0.063922
2 0.668745 0.571506 0.048324 0.063922
3 0.836711 0.578007 0.053780 0.066089
32 0.384256 0.251896 0.056118 0.070423
23 0.245129 0.556338 0.106781 0.035753
17 0.160951 0.746479 0.095869 0.039003
8 0.372954 0.744854 0.086516 0.048754
19 0.579891 0.747021 0.070148 0.046587
24 0.204209 0.405200 0.197973 0.045504
25 0.187841 0.254063 0.077942 0.048754
26 0.153546 0.096966 0.071707 0.035753
8 0.540530 0.245937 0.066251 0.060672
7 0.691348 0.250271 0.045207 0.067172
5 0.847623 0.244854 0.044427 0.047671
20 0.987919 0.565005 0.024162 0.055255
