0 0.421668 0.409534 0.049883 0.065005
27 0.581839 0.416576 0.052221 0.059588
28 0.740842 0.406826 0.053780 0.066089
4 0.899454 0.410076 0.045207 0.061755
1 0.509743 0.576381 0.038971 0.069339
2 0.672253 0.572048 0.047545 0.062839
3 0.838270 0.574215 0.047545 0.060672
19 0.582619 0.749729 0.074045 0.047671
18 0.367108 0.750271 0.079501 0.046587
17 0.160171 0.744312 0.094310 0.039003
23 0.247077 0.560130 0.101325 0.041170
24 0.203429 0.404659 0.183944 0.042254
25 0.189010 0.252438 0.074045 0.041170
26 0.151988 0.095341 0.067030 0.047671
32 0.383866 0.252979 0.055339 0.063922
8 0.536633 0.244854 0.063133 0.056338
7 0.692518 0.245937 0.049104 0.073673
5 0.849182 0.248646 0.049104 0.063922
20 0.987140 0.568256 0.025721 0.074756
