32 0.369529 0.424628 0.037037 0.027169
0 0.448653 0.368536 0.023569 0.027169
1 0.548401 0.329097 0.031145 0.035933
27 0.515993 0.437336 0.031987 0.033304
2 0.617845 0.396582 0.040404 0.032428
8 0.434343 0.491674 0.048822 0.040316
7 0.502525 0.555215 0.040404 0.037686
28 0.585859 0.502191 0.028620 0.033304
3 0.687710 0.464505 0.030303 0.035057
5 0.574916 0.621385 0.031987 0.028046
4 0.655303 0.567046 0.026094 0.036810
20 0.753367 0.528922 0.030303 0.027169
6 0.644360 0.687117 0.026094 0.038563
33 0.712963 0.753725 0.030303 0.026293
34 0.781566 0.813760 0.024411 0.032428
35 0.846801 0.876424 0.026936 0.033304
59 0.917088 0.938650 0.027778 0.031551
31 0.930976 0.824277 0.030303 0.034181
73 0.863636 0.759860 0.021886 0.038563
30 0.795034 0.698072 0.029461 0.032428
29 0.725168 0.633216 0.029461 0.028922
21 0.824916 0.593777 0.023569 0.028922
22 0.892677 0.657756 0.027778 0.042945
74 0.961279 0.723050 0.030303 0.043821
25 0.271465 0.320333 0.032828 0.030675
24 0.359007 0.266433 0.088384 0.091148
23 0.436027 0.202892 0.048822 0.053462
19 0.552189 0.180105 0.028620 0.032428
17 0.476431 0.110429 0.053872 0.056091
26 0.110269 0.503067 0.037037 0.038563
