8 0.448653 0.536372 0.037037 0.036810
27 0.545455 0.546889 0.026936 0.022787
32 0.420034 0.634969 0.033670 0.032428
0 0.520623 0.640228 0.031145 0.028922
1 0.622475 0.623138 0.031145 0.031551
2 0.651515 0.528484 0.033670 0.028046
28 0.572391 0.452235 0.026936 0.028046
7 0.478535 0.448729 0.037879 0.031551
5 0.507997 0.358896 0.036195 0.027169
4 0.601010 0.362840 0.031987 0.031551
3 0.681397 0.431639 0.022727 0.032428
20 0.704545 0.343120 0.035354 0.027169
21 0.734428 0.250657 0.036195 0.031551
29 0.632576 0.267309 0.032828 0.029798
6 0.532828 0.256792 0.028620 0.022787
33 0.563131 0.168712 0.030303 0.023663
30 0.659933 0.174847 0.035354 0.035933
22 0.763047 0.156442 0.031145 0.030675
73 0.690236 0.085451 0.023569 0.025416
34 0.592172 0.078878 0.029461 0.029798
74 0.792088 0.067923 0.037037 0.030675
26 0.160774 0.703330 0.037037 0.028922
19 0.695286 0.746713 0.033670 0.035057
24 0.492003 0.775635 0.047980 0.113935
23 0.585859 0.791411 0.030303 0.061350
17 0.665825 0.850570 0.037037 0.078002
25 0.389310 0.773006 0.022727 0.040316
