8 0.436448 0.522787 0.042929 0.027169
32 0.369949 0.592901 0.032828 0.034181
0 0.447391 0.646801 0.031145 0.038563
1 0.547559 0.689308 0.029461 0.034181
2 0.619108 0.621823 0.034512 0.035933
3 0.688552 0.553024 0.030303 0.029798
20 0.752946 0.485539 0.031145 0.033304
21 0.823232 0.424628 0.030303 0.028922
22 0.890993 0.359334 0.031145 0.033304
74 0.959175 0.293164 0.034512 0.032428
27 0.516414 0.579755 0.027778 0.028922
28 0.587963 0.516214 0.029461 0.033304
7 0.504209 0.464067 0.035354 0.037686
5 0.576178 0.396144 0.037879 0.033304
6 0.643519 0.326030 0.024411 0.024540
33 0.712121 0.264242 0.028620 0.027169
4 0.655303 0.451797 0.026094 0.030675
29 0.726852 0.383874 0.032828 0.036810
30 0.794192 0.320333 0.031145 0.030675
73 0.864478 0.257230 0.025253 0.030675
34 0.780724 0.201139 0.029461 0.028922
35 0.849747 0.139351 0.026094 0.028046
31 0.928872 0.192813 0.037879 0.031551
59 0.917929 0.074496 0.031145 0.028046
24 0.358165 0.750657 0.090067 0.072743
23 0.432660 0.812445 0.043771 0.047327
17 0.478114 0.905784 0.060606 0.049956
19 0.550926 0.833479 0.032828 0.036810
25 0.272306 0.695004 0.037879 0.024540
26 0.110690 0.516652 0.041246 0.035933
