12 0.058387 0.161111 0.072289 0.057407
13 0.075996 0.232407 0.077850 0.059259
11 0.307229 0.128241 0.075070 0.071296
10 0.546803 0.097685 0.068582 0.063889
9 0.796571 0.063426 0.073216 0.063889
14 0.313716 0.197685 0.056534 0.058333
15 0.569045 0.166667 0.063021 0.055556
16 0.800278 0.129630 0.065802 0.066667
8 0.218258 0.405093 0.117702 0.082407
0 0.091288 0.659722 0.086191 0.080556
1 0.267377 0.862963 0.104727 0.098148
2 0.534754 0.816204 0.092678 0.082407
3 0.781279 0.770833 0.111214 0.095370
4 0.851715 0.544444 0.074143 0.088889
6 0.962929 0.301852 0.074143 0.087037
5 0.735867 0.334722 0.092678 0.089815
7 0.486098 0.368056 0.091752 0.089815
