17 0.409664 0.255120 0.081513 0.070347
18 0.526050 0.323687 0.045378 0.043633
19 0.643277 0.382903 0.049580 0.049866
1 0.548319 0.449243 0.044538 0.040071
2 0.635714 0.490205 0.039496 0.041852
3 0.719748 0.533838 0.039496 0.043633
20 0.798319 0.576581 0.040336 0.038290
21 0.877311 0.613535 0.031933 0.037400
22 0.956723 0.646483 0.031092 0.035619
23 0.399580 0.377560 0.086555 0.056990
24 0.326050 0.454586 0.107563 0.066785
25 0.264286 0.532947 0.063025 0.043633
26 0.185294 0.609973 0.052941 0.046305
0 0.450840 0.509350 0.041176 0.039181
27 0.537395 0.556100 0.031092 0.043633
28 0.623950 0.591273 0.031092 0.037400
4 0.702521 0.635352 0.030252 0.036509
29 0.784034 0.669190 0.031933 0.036509
30 0.858824 0.704363 0.031933 0.039181
31 0.932773 0.740427 0.030252 0.038290
32 0.377311 0.584150 0.040336 0.042743
8 0.461345 0.630454 0.036975 0.053428
7 0.547899 0.661621 0.038655 0.035619
5 0.630672 0.694568 0.031092 0.037400
6 0.710924 0.736866 0.026891 0.038290
33 0.787395 0.768032 0.030252 0.032947
34 0.858824 0.801425 0.028571 0.035619
35 0.932773 0.835708 0.021849 0.029386
36 0.283193 0.635797 0.026891 0.024933
13 0.376471 0.672306 0.030252 0.024933
14 0.463025 0.710151 0.020168 0.024043
15 0.544118 0.746661 0.022689 0.025824
16 0.623950 0.781389 0.024370 0.025824
37 0.702521 0.814782 0.026891 0.026714
38 0.774790 0.845503 0.025210 0.027605
39 0.850420 0.877115 0.018487 0.028495
40 0.923529 0.908727 0.026891 0.027605
41 0.986555 0.937222 0.025210 0.025824
