26 0.176891 0.573464 0.057983 0.049866
25 0.278151 0.601069 0.048739 0.058771
36 0.248739 0.497774 0.020168 0.030276
32 0.350000 0.493321 0.041176 0.040962
8 0.404202 0.411398 0.038655 0.044524
7 0.465966 0.331701 0.034454 0.040071
5 0.517647 0.260463 0.042017 0.036509
6 0.568908 0.183437 0.028571 0.030276
33 0.615966 0.113535 0.030252 0.029386
34 0.668487 0.045414 0.032773 0.035619
0 0.455042 0.515138 0.041176 0.027605
27 0.507983 0.427872 0.044538 0.034728
28 0.560924 0.352182 0.046218 0.041852
4 0.611345 0.274711 0.032773 0.031167
29 0.663866 0.203473 0.035294 0.034728
30 0.715546 0.131345 0.036134 0.043633
31 0.761345 0.060552 0.033613 0.032057
24 0.371008 0.624221 0.074790 0.112199
23 0.476050 0.656278 0.052941 0.080142
1 0.568908 0.519590 0.043697 0.038290
2 0.620168 0.434996 0.031933 0.040071
3 0.673109 0.351736 0.030252 0.035619
20 0.722689 0.281834 0.043697 0.040071
21 0.771429 0.200356 0.033613 0.024933
22 0.820588 0.128228 0.039496 0.039181
17 0.534034 0.751558 0.059664 0.069457
18 0.605882 0.641585 0.057143 0.059662
19 0.678151 0.535619 0.042017 0.070347
13 0.310924 0.414069 0.025210 0.017809
14 0.368908 0.337934 0.018487 0.020481
15 0.421429 0.260463 0.026050 0.025824
16 0.477731 0.190561 0.031092 0.035619
37 0.525630 0.118433 0.027731 0.030276
38 0.573529 0.050312 0.024370 0.031167
