17 0.814125 0.675195 0.021868 0.024472
18 0.687057 0.708565 0.020686 0.020022
19 0.623818 0.727475 0.012411 0.015573
70 0.798463 0.479422 0.024823 0.017798
23 0.807329 0.577308 0.023641 0.024472
0 0.155437 0.650167 0.014184 0.032258
27 0.208924 0.635150 0.017139 0.031146
28 0.259456 0.629032 0.013002 0.045606
4 0.311466 0.609566 0.014184 0.028921
29 0.364657 0.598443 0.021277 0.037820
30 0.417258 0.580089 0.017730 0.030033
73 0.468085 0.570634 0.014184 0.035595
31 0.519799 0.553949 0.015957 0.031146
72 0.570922 0.545606 0.017730 0.032258
1 0.188830 0.741379 0.017139 0.032258
2 0.242317 0.727475 0.014184 0.026696
3 0.293440 0.714683 0.013593 0.032258
20 0.345449 0.700779 0.014775 0.028921
21 0.397754 0.686874 0.017730 0.025584
22 0.449468 0.677976 0.020686 0.030033
74 0.502364 0.660178 0.018913 0.036707
